0.000241091101418974
0.00055209179516188
0.00108548736172427
0.00147981235352453
0.00180757885295368
0.00269797529265802
0.00372854919466532
0.00409196970559808
0.00482962976201972
0.00537040312789998
0.00553365453974242
0.00579484802248967
0.00627859705132235
0.00627859705132235
0.00659845273528553
0.00707301374692496
0.00777854713220449
0.00777854713220449
0.00777854713220449
0.00925457565105738
0.00942277031507193
0.0041074234997546
0.00493971680816729
0.00779817273546511
0.00789184035180644
0.000187543290372994
0.00110512277751718
0.00124349950296928
0.00182534203706351
0.00467255588057393
0.00633909954969675
0.00785313507348548
0.00844981631329277
0.00887242594087618
