2.51672538149047e-06
1.0688755864107e-05
2.20763703537604e-05
3.57126797607283e-05
6.99543455530912e-05
0.000429089389372239
0.000473895969551242
0.0010036983730488
0.00140924739764465
0.00175271037451753
0.00193435510161439
0.00197965034383839
0.00199941580093782
0.00214812232475893
0.0025026456503777
0.00259673750643922
0.00289938114059001
0.00294934916613226
0.00300178480123054
0.00308536067996695
0.00328630955582169
0.0034657968491815
0.00416894370082388
0.00420146697859905
0.00422504865228663
0.0042767981988998
0.00493531743128468
0.00606289281725363
0.00606289281725363
0.00606289281725363
0.00632954666812684
0.00642994395601778
0.0068256860884799
0.0077607364371883
0.00808929546903986
0.00893539339343105
0.00968578694656105
0.00259131283636335
0.0065060245283151
0.0065060245283151
0.00920645366037357
0.000463184010227574
0.000534572886400948
0.00145193329776188
0.00190326497065804
0.00266681372197465
0.00577745559475819
0.0059804885090951
0.00663986039214305
0.00669252768971947
0.00673793432728833
0.00673793432728833
0.00746495977911473
