1.20553854170445e-05
1.22550659436848e-05
3.02722025688597e-05
0.00018929504249862
0.00025440923434086
0.000805864797132076
0.00115567865104527
0.00116252511380513
0.00116270173728025
0.00183208116813412
0.0022649763818356
0.00249546295002334
0.00275119051381092
0.00313508760741411
0.00358459537217251
0.00358564114602997
0.00391198719506643
0.0040544560669117
0.00458717688643208
0.00492633854722273
0.00546419622874975
0.0054886185389357
0.0057147269319309
0.00618275488965961
0.00705046590442978
0.00710574372382719
0.0075227391033616
0.0075227391033616
0.00775674199816533
0.00850816191619787
0.00881642707411703
0.00918129348728883
0.00923319227469895
0.00942644140683294
0.0096314880828395
0.00972015414122463
0.0098835780525394
0.0099031589125239
0.00298340074184599
0.00874274375062073
0.00874274375062073
0.00967939622557274
0.00031025638176684
0.000491839066798886
0.000694015750113152
0.00176003485736915
0.00207391813672168
0.00232117662966298
0.00294107633286825
0.00785681463545106
0.0088822608656315
0.0088822608656315
0.00945382145141444
