split  0
full:  0.7303370786516854 0.7784232883558221 0.6971618357487923
oleg:  0.7258426966292135 0.7580584707646177 0.6917270531400965
trea:  0.5865168539325842 0.6396176911544229 0.5
rand:  0.5438202247191011 0.5220931201066134 0.502883974679327
split  1
full:  0.7887640449438202 0.7970856507230256 0.7478309232480533
oleg:  0.748314606741573 0.7692324805339266 0.6987764182424916
trea:  0.651685393258427 0.6207007786429366 0.5
rand:  0.5595505617977528 0.47330367074527246 0.4953837597330366
split  2
full:  0.7662921348314606 0.8176373578682407 0.7298954083846888
oleg:  0.7662921348314606 0.7859777797066226 0.7222788820414896
trea:  0.6269662921348315 0.6121864421491191 0.49771070219598995
rand:  0.5820224719101124 0.5262130023435465 0.5179780401006857
split  3
full:  0.7617977528089888 0.7837229437229437 0.7186147186147186
oleg:  0.755056179775281 0.7696320346320346 0.7095238095238096
trea:  0.6292134831460674 0.564664502164502 0.5
rand:  0.604494382022472 0.5554545454545455 0.54258658008658
split  4
full:  0.8134831460674158 0.8457975839842916 0.7792931233192469
oleg:  0.7910112359550562 0.8333546762282836 0.7555491526870705
trea:  0.6157303370786517 0.5823408887181458 0.5
rand:  0.5235955056179775 0.4754770137021386 0.4768429589789559
