split  0
full:  0.7528089887640449 0.7957953995689846 0.7141333509258038
oleg:  0.7415730337078652 0.765008576329331 0.7012028851651493
trea:  0.6426966292134831 0.5957470202753222 0.5
rand:  0.5865168539325842 0.5223424374367771 0.5261138232836347
split  1
full:  0.7595505617977528 0.8011403508771929 0.719078947368421
oleg:  0.7438202247191011 0.7640350877192981 0.6972039473684211
trea:  0.6404494382022472 0.6400657894736843 0.5
rand:  0.5550561797752809 0.4878508771929825 0.4922697368421053
split  2
full:  0.7932584269662921 0.8369592767826968 0.7622085163906726
oleg:  0.755056179775281 0.8134293680297399 0.7217704460966543
trea:  0.6 0.639964937478878 0.4962825278810409
rand:  0.550561797752809 0.48785484961135517 0.49762377492396076
split  3
full:  0.7280898876404495 0.7840312459982073 0.6802727621974645
oleg:  0.7168539325842697 0.7482392111666026 0.6645537200665899
trea:  0.6157303370786517 0.5722030136167671 0.5
rand:  0.550561797752809 0.4747300123788791 0.5042365646476288
split  4
full:  0.7865168539325843 0.8292885073104386 0.754887793267596
oleg:  0.7573033707865169 0.7953077184631078 0.7257310438626318
trea:  0.6112359550561798 0.5739650629037741 0.5
rand:  0.5865168539325842 0.5098818429105746 0.5250127507650459
