run 0
val: ['study_22358_GPL5325_all-bmc15']
(2103, 23475) (122, 23475)
(2103, 8836) (122, 8836)
(2103, 4) (122, 4)
(2103, 4) (122, 4)
full:  0.36065573770491804 0.3681372549019608 0.4568627450980392
oleg:  0.23770491803278687 0.4745098039215686 0.44362745098039214
trea:  0.16393442622950818 0.6666666666666666 0.5
rand:  0.2786885245901639 0.4372549019607843 0.4681372549019608
run 1
val: ['study_25065_GPL96_MDACC-bmc15']
(2154, 23475) (71, 23475)
(2154, 8836) (71, 8836)
(2154, 4) (71, 4)
(2154, 4) (71, 4)
full:  0.28169014084507044 0.365819209039548 0.5014124293785311
oleg:  0.6619718309859155 0.5 0.4978813559322034
trea:  0.8309859154929577 0.5 0.5
rand:  0.5774647887323944 0.3870056497175141 0.41384180790960456
run 2
val: ['study_20194_GPL96_all-bmc15']
(1964, 23475) (261, 23475)
(1964, 8836) (261, 8836)
(1964, 4) (261, 4)
(1964, 4) (261, 4)
full:  0.31800766283524906 0.47828773168579 0.5679611650485437
oleg:  0.3486590038314176 0.47193292144748455 0.587378640776699
trea:  0.210727969348659 0.5218005295675199 0.5
rand:  0.32950191570881227 0.555692850838482 0.5152691968225949
run 3
val: ['study_22226_GPL1708_all-bmc15']
(2097, 23475) (128, 23475)
(2097, 8836) (128, 8836)
(2097, 4) (128, 4)
(2097, 4) (128, 4)
full:  0.359375 0.4310075093867334 0.4511889862327909
oleg:  0.390625 0.5122027534418023 0.5381727158948686
trea:  0.734375 0.5090738423028787 0.5
rand:  0.6171875 0.4881101376720901 0.4953066332916145
run 4
val: ['study_16446_GPL570_all-bmc15']
(2111, 23475) (114, 23475)
(2111, 8836) (114, 8836)
(2111, 4) (114, 4)
(2111, 4) (114, 4)
full:  0.7631578947368421 0.5469662921348315 0.5175280898876404
oleg:  0.7192982456140351 0.45662921348314606 0.4606741573033708
trea:  0.7807017543859649 0.5 0.5
rand:  0.543859649122807 0.3824719101123595 0.4202247191011236
run 5
val: ['study_22358_GPL5325_all-bmc15']
(2103, 23475) (122, 23475)
(2103, 8836) (122, 8836)
(2103, 4) (122, 4)
(2103, 4) (122, 4)
full:  0.36065573770491804 0.3681372549019608 0.4568627450980392
oleg:  0.23770491803278687 0.4745098039215686 0.44362745098039214
trea:  0.16393442622950818 0.6666666666666666 0.5
rand:  0.27049180327868855 0.46911764705882353 0.48333333333333334
run 6
val: ['study_2034_GPL96_all-bmc15']
(1939, 23475) (286, 23475)
(1939, 8836) (286, 8836)
(1939, 4) (286, 4)
(1939, 4) (286, 4)
full:  0.6258741258741258 0.619537409283141 0.509398005534381
oleg:  0.6223776223776224 0.6106093040254791 0.4972067039106145
trea:  0.6258741258741258 0.5 0.5
rand:  0.5454545454545454 0.49553594737116896 0.48274421761603925
run 7
val: ['study_12093_GPL96_all-bmc15']
(2089, 23475) (136, 23475)
(2089, 8836) (136, 8836)
(2089, 4) (136, 4)
(2089, 4) (136, 4)
full:  0.75 0.6456896551724137 0.4396551724137931
oleg:  0.8308823529411765 0.6745689655172413 0.5077586206896552
trea:  0.8529411764705882 0.5 0.5
rand:  0.6838235294117647 0.5637931034482758 0.5870689655172413
run 8
val: ['study_16446_GPL570_all-bmc15']
(2111, 23475) (114, 23475)
(2111, 8836) (114, 8836)
(2111, 4) (114, 4)
(2111, 4) (114, 4)
full:  0.7631578947368421 0.5469662921348315 0.5175280898876404
oleg:  0.7192982456140351 0.45662921348314606 0.4606741573033708
trea:  0.7807017543859649 0.5 0.5
rand:  0.5614035087719298 0.4332584269662922 0.41707865168539326
run 9
val: ['study_22358_GPL5325_all-bmc15']
(2103, 23475) (122, 23475)
(2103, 8836) (122, 8836)
(2103, 4) (122, 4)
(2103, 4) (122, 4)
full:  0.36065573770491804 0.3681372549019608 0.4568627450980392
oleg:  0.23770491803278687 0.4745098039215686 0.44362745098039214
trea:  0.16393442622950818 0.6666666666666666 0.5
rand:  0.32786885245901637 0.471078431372549 0.5377450980392157
run 10
val: ['study_22358_GPL5325_all-bmc15']
(2103, 23475) (122, 23475)
(2103, 8836) (122, 8836)
(2103, 4) (122, 4)
(2103, 4) (122, 4)
full:  0.36065573770491804 0.3681372549019608 0.4568627450980392
oleg:  0.23770491803278687 0.4745098039215686 0.44362745098039214
trea:  0.16393442622950818 0.6666666666666666 0.5
rand:  0.32786885245901637 0.5235294117647059 0.557843137254902
run 11
val: ['study_19615_GPL570_all-bmc15']
(2115, 23475) (110, 23475)
(2115, 8836) (110, 8836)
(2115, 4) (110, 4)
(2115, 4) (110, 4)
full:  0.8181818181818182 0.609375 0.46875
oleg:  0.8454545454545455 0.7313988095238095 0.6369047619047619
trea:  0.5272727272727272 0.40625 0.36309523809523814
rand:  0.6181818181818182 0.5059523809523809 0.5066964285714286
run 12
val: ['study_16446_GPL570_all-bmc15']
(2111, 23475) (114, 23475)
(2111, 8836) (114, 8836)
(2111, 4) (114, 4)
(2111, 4) (114, 4)
full:  0.7631578947368421 0.5469662921348315 0.5175280898876404
oleg:  0.7192982456140351 0.45662921348314606 0.4606741573033708
trea:  0.7807017543859649 0.5 0.5
rand:  0.5701754385964912 0.39101123595505616 0.43707865168539317
run 13
val: ['study_25055_GPL96_MDACC_M-bmc15']
(2004, 23475) (221, 23475)
(2004, 8836) (221, 8836)
(2004, 4) (221, 4)
(2004, 4) (221, 4)
full:  0.38009049773755654 0.5125424614580611 0.518160438986151
oleg:  0.3936651583710407 0.5655866213744447 0.5706819963417821
trea:  0.19457013574660634 0.5 0.5
rand:  0.6515837104072398 0.4674679905931539 0.5015024823621637
run 14
val: ['study_22226_GPL1708_all-bmc15']
(2097, 23475) (128, 23475)
(2097, 8836) (128, 8836)
(2097, 4) (128, 4)
(2097, 4) (128, 4)
full:  0.359375 0.4310075093867334 0.4511889862327909
oleg:  0.390625 0.5122027534418023 0.5381727158948686
trea:  0.734375 0.5090738423028787 0.5
rand:  0.609375 0.4712140175219024 0.5087609511889862
run 15
val: ['study_25065_GPL96_USO-bmc15']
(2171, 23475) (54, 23475)
(2171, 8836) (54, 8836)
(2171, 4) (54, 4)
(2171, 4) (54, 4)
full:  0.6481481481481481 0.584090909090909 0.5909090909090908
oleg:  0.7777777777777778 0.5727272727272728 0.5159090909090909
trea:  0.8148148148148148 0.5 0.5
rand:  0.7037037037037037 0.4204545454545454 0.47045454545454546
run 16
val: ['study_25065_GPL96_MDACC-bmc15']
(2154, 23475) (71, 23475)
(2154, 8836) (71, 8836)
(2154, 4) (71, 4)
(2154, 4) (71, 4)
full:  0.28169014084507044 0.365819209039548 0.5014124293785311
oleg:  0.6619718309859155 0.5 0.4978813559322034
trea:  0.8309859154929577 0.5 0.5
rand:  0.6197183098591549 0.57909604519774 0.5388418079096045
run 17
val: ['study_22358_GPL5325_all-bmc15']
(2103, 23475) (122, 23475)
(2103, 8836) (122, 8836)
(2103, 4) (122, 4)
(2103, 4) (122, 4)
full:  0.36065573770491804 0.3681372549019608 0.4568627450980392
oleg:  0.23770491803278687 0.4745098039215686 0.44362745098039214
trea:  0.16393442622950818 0.6666666666666666 0.5
rand:  0.29508196721311475 0.42745098039215684 0.4980392156862745
run 18
val: ['study_25055_GPL96_MDACC_M-bmc15']
(2004, 23475) (221, 23475)
(2004, 8836) (221, 8836)
(2004, 4) (221, 4)
(2004, 4) (221, 4)
full:  0.38009049773755654 0.5125424614580611 0.518160438986151
oleg:  0.3936651583710407 0.5655866213744447 0.5706819963417821
trea:  0.19457013574660634 0.5 0.5
rand:  0.6063348416289592 0.49712568591586104 0.5175071857852104
run 19
val: ['study_16446_GPL570_all-bmc15']
(2111, 23475) (114, 23475)
(2111, 8836) (114, 8836)
(2111, 4) (114, 4)
(2111, 4) (114, 4)
full:  0.7631578947368421 0.5469662921348315 0.5175280898876404
oleg:  0.7192982456140351 0.45662921348314606 0.4606741573033708
trea:  0.7807017543859649 0.5 0.5
rand:  0.6754385964912281 0.4795505617977528 0.5332584269662921
