study to test: study_12093_GPL96_all-bmc15
(2089, 23475) (136, 23475)
[1. 1. 1. 1. 1. 1. 0. 1. 1. 1. 1. 0. 1. 1. 1. 1. 1. 1. 1. 1. 1. 1. 0. 1.
 0. 1. 1. 1. 0. 1. 1. 1. 1. 1. 1. 0. 1. 1. 1. 1. 1. 1. 1. 0. 1. 1. 1. 1.
 1. 1. 1. 0. 1. 1. 1. 1. 1. 1. 1. 1. 1. 1. 1. 0. 1. 0. 1. 1. 1. 0. 1. 0.
 1. 1. 0. 1. 1. 1. 0. 1. 1. 1. 0. 1. 1. 1. 1. 0. 0. 1. 1. 1. 1. 1. 1. 1.
 1. 1. 1. 1. 1. 1. 1. 1. 1. 1. 1. 0. 1. 1. 1. 1. 1. 1. 0. 1. 1. 1. 1. 1.
 1. 1. 1. 1. 1. 1. 1. 1. 1. 1. 1. 1. 1. 1. 0. 1.]
[0. 1. 1. 1. 1. 1. 1. 1. 1. 1. 1. 1. 1. 1. 1. 1. 0. 1. 1. 0. 1. 1. 1. 1.
 1. 1. 1. 0. 1. 1. 1. 1. 1. 1. 1. 1. 1. 1. 1. 1. 0. 1. 1. 1. 0. 1. 1. 1.
 1. 1. 1. 1. 1. 1. 1. 1. 1. 1. 1. 1. 1. 1. 1. 1. 1. 1. 1. 1. 1. 1. 1. 1.
 1. 1. 1. 1. 1. 0. 1. 1. 0. 1. 1. 1. 1. 1. 1. 1. 1. 1. 1. 1. 1. 1. 1. 1.
 0. 1. 1. 1. 1. 0. 1. 1. 1. 1. 1. 1. 1. 1. 1. 0. 1. 1. 1. 1. 1. 1. 1. 1.
 1. 1. 1. 0. 0. 1. 1. 1. 1. 1. 1. 1. 1. 0. 1. 1.]
full:  0.75 0.0 0.8793103448275862

(2089, 8836) (136, 8836)
[1. 1. 1. 1. 1. 1. 0. 1. 1. 1. 1. 0. 1. 1. 1. 1. 1. 1. 1. 1. 1. 1. 0. 1.
 0. 1. 1. 1. 0. 1. 1. 1. 1. 1. 1. 0. 1. 1. 1. 1. 1. 1. 1. 0. 1. 1. 1. 1.
 1. 1. 1. 0. 1. 1. 1. 1. 1. 1. 1. 1. 1. 1. 1. 0. 1. 0. 1. 1. 1. 0. 1. 0.
 1. 1. 0. 1. 1. 1. 0. 1. 1. 1. 0. 1. 1. 1. 1. 0. 0. 1. 1. 1. 1. 1. 1. 1.
 1. 1. 1. 1. 1. 1. 1. 1. 1. 1. 1. 0. 1. 1. 1. 1. 1. 1. 0. 1. 1. 1. 1. 1.
 1. 1. 1. 1. 1. 1. 1. 1. 1. 1. 1. 1. 1. 1. 0. 1.]
[1. 1. 1. 1. 1. 1. 1. 1. 1. 1. 1. 1. 1. 1. 1. 1. 1. 1. 1. 0. 1. 1. 1. 1.
 1. 1. 1. 1. 1. 1. 1. 1. 1. 1. 1. 0. 1. 1. 1. 0. 1. 1. 1. 1. 1. 1. 0. 1.
 1. 0. 1. 1. 1. 1. 1. 1. 1. 1. 1. 1. 1. 1. 1. 1. 1. 1. 1. 1. 1. 1. 1. 1.
 1. 1. 1. 1. 1. 1. 1. 1. 1. 1. 1. 1. 1. 1. 1. 1. 1. 1. 1. 1. 1. 1. 1. 1.
 1. 1. 1. 1. 1. 1. 1. 1. 1. 1. 1. 1. 1. 1. 1. 1. 1. 1. 1. 1. 1. 1. 1. 1.
 1. 1. 1. 1. 1. 1. 1. 1. 1. 1. 1. 1. 1. 1. 1. 1.]
mike:  0.8308823529411765 0.05 0.9655172413793104

(2089, 4) (136, 4)
[1. 1. 1. 1. 1. 1. 0. 1. 1. 1. 1. 0. 1. 1. 1. 1. 1. 1. 1. 1. 1. 1. 0. 1.
 0. 1. 1. 1. 0. 1. 1. 1. 1. 1. 1. 0. 1. 1. 1. 1. 1. 1. 1. 0. 1. 1. 1. 1.
 1. 1. 1. 0. 1. 1. 1. 1. 1. 1. 1. 1. 1. 1. 1. 0. 1. 0. 1. 1. 1. 0. 1. 0.
 1. 1. 0. 1. 1. 1. 0. 1. 1. 1. 0. 1. 1. 1. 1. 0. 0. 1. 1. 1. 1. 1. 1. 1.
 1. 1. 1. 1. 1. 1. 1. 1. 1. 1. 1. 0. 1. 1. 1. 1. 1. 1. 0. 1. 1. 1. 1. 1.
 1. 1. 1. 1. 1. 1. 1. 1. 1. 1. 1. 1. 1. 1. 0. 1.]
[1. 1. 1. 1. 1. 1. 1. 1. 1. 1. 1. 1. 1. 1. 1. 1. 1. 1. 1. 1. 1. 1. 1. 1.
 1. 1. 1. 1. 1. 1. 1. 1. 1. 1. 1. 1. 1. 1. 1. 1. 1. 1. 1. 1. 1. 1. 1. 1.
 1. 1. 1. 1. 1. 1. 1. 1. 1. 1. 1. 1. 1. 1. 1. 1. 1. 1. 1. 1. 1. 1. 1. 1.
 1. 1. 1. 1. 1. 1. 1. 1. 1. 1. 1. 1. 1. 1. 1. 1. 1. 1. 1. 1. 1. 1. 1. 1.
 1. 1. 1. 1. 1. 1. 1. 1. 1. 1. 1. 1. 1. 1. 1. 1. 1. 1. 1. 1. 1. 1. 1. 1.
 1. 1. 1. 1. 1. 1. 1. 1. 1. 1. 1. 1. 1. 1. 1. 1.]
trea:  0.8529411764705882 0.0 1.0



study to test: study_1379_GPL1223_all-bmc15
(2165, 23475) (60, 23475)
[0. 0. 0. 0. 1. 0. 0. 0. 0. 1. 0. 0. 0. 0. 0. 0. 1. 1. 0. 1. 1. 0. 1. 1.
 0. 1. 0. 1. 1. 1. 0. 0. 1. 0. 0. 1. 1. 0. 1. 1. 1. 1. 0. 1. 1. 1. 0. 0.
 1. 1. 0. 0. 1. 1. 1. 1. 1. 1. 1. 1.]
[0. 0. 0. 0. 0. 0. 0. 0. 0. 0. 0. 0. 0. 0. 0. 0. 0. 0. 0. 0. 0. 0. 0. 0.
 0. 0. 0. 0. 0. 0. 0. 0. 0. 0. 0. 0. 0. 0. 0. 0. 0. 0. 0. 0. 0. 0. 0. 0.
 0. 0. 0. 0. 0. 0. 0. 0. 0. 0. 0. 0.]
full:  0.4666666666666667 1.0 0.0

(2165, 8836) (60, 8836)
[0. 0. 0. 0. 1. 0. 0. 0. 0. 1. 0. 0. 0. 0. 0. 0. 1. 1. 0. 1. 1. 0. 1. 1.
 0. 1. 0. 1. 1. 1. 0. 0. 1. 0. 0. 1. 1. 0. 1. 1. 1. 1. 0. 1. 1. 1. 0. 0.
 1. 1. 0. 0. 1. 1. 1. 1. 1. 1. 1. 1.]
[1. 0. 1. 1. 1. 1. 0. 0. 1. 1. 0. 1. 0. 1. 1. 1. 1. 1. 1. 1. 1. 0. 1. 1.
 0. 0. 0. 0. 0. 0. 1. 0. 0. 1. 0. 0. 0. 0. 0. 0. 1. 0. 0. 0. 1. 1. 1. 0.
 1. 1. 0. 0. 0. 1. 0. 0. 0. 1. 0. 0.]
mike:  0.5 0.5357142857142857 0.46875

(2165, 4) (60, 4)
[0. 0. 0. 0. 1. 0. 0. 0. 0. 1. 0. 0. 0. 0. 0. 0. 1. 1. 0. 1. 1. 0. 1. 1.
 0. 1. 0. 1. 1. 1. 0. 0. 1. 0. 0. 1. 1. 0. 1. 1. 1. 1. 0. 1. 1. 1. 0. 0.
 1. 1. 0. 0. 1. 1. 1. 1. 1. 1. 1. 1.]
[1. 1. 1. 1. 1. 1. 1. 1. 1. 1. 1. 1. 1. 1. 1. 1. 1. 1. 1. 1. 1. 1. 1. 1.
 1. 1. 1. 1. 1. 1. 1. 1. 1. 1. 1. 1. 1. 1. 1. 1. 1. 1. 1. 1. 1. 1. 1. 1.
 1. 1. 1. 1. 1. 1. 1. 1. 1. 1. 1. 1.]
trea:  0.5333333333333333 0.0 1.0



study to test: study_16391_GPL570_all-bmc15
(2177, 23475) (48, 23475)
[1. 1. 1. 1. 1. 1. 1. 1. 1. 0. 1. 0. 1. 1. 0. 0. 0. 1. 1. 1. 1. 0. 1. 1.
 1. 1. 1. 1. 1. 1. 0. 1. 1. 1. 1. 0. 1. 1. 1. 1. 1. 0. 1. 1. 1. 1. 0. 1.]
[1. 1. 1. 1. 1. 1. 1. 1. 1. 1. 1. 1. 1. 1. 1. 1. 1. 1. 1. 1. 1. 1. 1. 1.
 1. 1. 1. 1. 1. 1. 1. 1. 1. 1. 1. 1. 1. 1. 1. 1. 1. 1. 1. 1. 1. 1. 1. 1.]
full:  0.7916666666666666 0.0 1.0

(2177, 8836) (48, 8836)
[1. 1. 1. 1. 1. 1. 1. 1. 1. 0. 1. 0. 1. 1. 0. 0. 0. 1. 1. 1. 1. 0. 1. 1.
 1. 1. 1. 1. 1. 1. 0. 1. 1. 1. 1. 0. 1. 1. 1. 1. 1. 0. 1. 1. 1. 1. 0. 1.]
[1. 1. 0. 1. 1. 0. 1. 1. 1. 1. 1. 1. 1. 1. 1. 1. 1. 1. 1. 1. 1. 1. 1. 1.
 1. 1. 1. 1. 1. 0. 1. 1. 1. 1. 1. 1. 1. 1. 1. 1. 1. 0. 1. 1. 1. 0. 1. 1.]
mike:  0.7291666666666666 0.1 0.8947368421052632

(2177, 4) (48, 4)
[1. 1. 1. 1. 1. 1. 1. 1. 1. 0. 1. 0. 1. 1. 0. 0. 0. 1. 1. 1. 1. 0. 1. 1.
 1. 1. 1. 1. 1. 1. 0. 1. 1. 1. 1. 0. 1. 1. 1. 1. 1. 0. 1. 1. 1. 1. 0. 1.]
[1. 1. 1. 1. 1. 1. 1. 1. 1. 1. 1. 1. 1. 1. 1. 1. 1. 1. 1. 1. 1. 1. 1. 1.
 1. 1. 1. 1. 1. 1. 1. 1. 1. 1. 1. 1. 1. 1. 1. 1. 1. 1. 1. 1. 1. 1. 1. 1.]
trea:  0.7916666666666666 0.0 1.0



study to test: study_16446_GPL570_all-bmc15
(2111, 23475) (114, 23475)
[1. 1. 1. 1. 1. 1. 1. 1. 1. 1. 1. 1. 1. 1. 1. 1. 1. 1. 1. 0. 1. 0. 1. 1.
 1. 1. 1. 1. 1. 1. 1. 0. 1. 1. 0. 0. 1. 1. 1. 1. 1. 1. 1. 1. 0. 0. 0. 1.
 0. 1. 1. 0. 0. 1. 1. 0. 1. 0. 1. 0. 1. 1. 1. 1. 1. 1. 1. 0. 1. 0. 1. 1.
 0. 1. 1. 0. 1. 0. 1. 1. 1. 1. 1. 1. 1. 1. 1. 0. 1. 0. 0. 1. 1. 1. 1. 1.
 1. 0. 1. 1. 1. 1. 0. 0. 1. 1. 1. 1. 1. 1. 1. 1. 1. 1.]
[1. 1. 1. 1. 1. 1. 1. 1. 1. 1. 1. 1. 1. 1. 1. 0. 1. 1. 1. 1. 1. 1. 1. 1.
 1. 1. 1. 1. 1. 1. 1. 1. 0. 1. 1. 1. 1. 1. 1. 1. 1. 1. 1. 1. 0. 1. 1. 1.
 1. 1. 1. 1. 1. 1. 1. 0. 1. 1. 1. 1. 1. 1. 1. 1. 1. 1. 1. 1. 1. 1. 1. 1.
 1. 1. 1. 1. 1. 1. 1. 1. 1. 1. 1. 1. 0. 0. 1. 1. 1. 1. 1. 1. 1. 1. 1. 1.
 1. 1. 1. 1. 1. 1. 1. 1. 1. 1. 1. 1. 1. 1. 1. 1. 1. 1.]
full:  0.7631578947368421 0.08 0.9550561797752809

(2111, 8836) (114, 8836)
[1. 1. 1. 1. 1. 1. 1. 1. 1. 1. 1. 1. 1. 1. 1. 1. 1. 1. 1. 0. 1. 0. 1. 1.
 1. 1. 1. 1. 1. 1. 1. 0. 1. 1. 0. 0. 1. 1. 1. 1. 1. 1. 1. 1. 0. 0. 0. 1.
 0. 1. 1. 0. 0. 1. 1. 0. 1. 0. 1. 0. 1. 1. 1. 1. 1. 1. 1. 0. 1. 0. 1. 1.
 0. 1. 1. 0. 1. 0. 1. 1. 1. 1. 1. 1. 1. 1. 1. 0. 1. 0. 0. 1. 1. 1. 1. 1.
 1. 0. 1. 1. 1. 1. 0. 0. 1. 1. 1. 1. 1. 1. 1. 1. 1. 1.]
[1. 1. 1. 1. 1. 1. 1. 1. 1. 0. 1. 1. 1. 1. 1. 1. 0. 1. 1. 1. 1. 1. 1. 1.
 1. 1. 1. 1. 1. 1. 1. 1. 1. 1. 1. 1. 1. 1. 1. 1. 0. 1. 1. 1. 1. 1. 1. 1.
 1. 1. 1. 1. 1. 1. 1. 1. 1. 1. 1. 1. 1. 1. 1. 1. 1. 1. 1. 1. 0. 1. 1. 1.
 1. 1. 1. 1. 1. 1. 1. 1. 1. 1. 1. 1. 1. 1. 1. 1. 1. 1. 1. 1. 1. 1. 1. 1.
 1. 1. 1. 1. 0. 1. 1. 1. 1. 1. 1. 1. 1. 1. 0. 0. 1. 1.]
mike:  0.7192982456140351 0.0 0.9213483146067416

(2111, 4) (114, 4)
[1. 1. 1. 1. 1. 1. 1. 1. 1. 1. 1. 1. 1. 1. 1. 1. 1. 1. 1. 0. 1. 0. 1. 1.
 1. 1. 1. 1. 1. 1. 1. 0. 1. 1. 0. 0. 1. 1. 1. 1. 1. 1. 1. 1. 0. 0. 0. 1.
 0. 1. 1. 0. 0. 1. 1. 0. 1. 0. 1. 0. 1. 1. 1. 1. 1. 1. 1. 0. 1. 0. 1. 1.
 0. 1. 1. 0. 1. 0. 1. 1. 1. 1. 1. 1. 1. 1. 1. 0. 1. 0. 0. 1. 1. 1. 1. 1.
 1. 0. 1. 1. 1. 1. 0. 0. 1. 1. 1. 1. 1. 1. 1. 1. 1. 1.]
[1. 1. 1. 1. 1. 1. 1. 1. 1. 1. 1. 1. 1. 1. 1. 1. 1. 1. 1. 1. 1. 1. 1. 1.
 1. 1. 1. 1. 1. 1. 1. 1. 1. 1. 1. 1. 1. 1. 1. 1. 1. 1. 1. 1. 1. 1. 1. 1.
 1. 1. 1. 1. 1. 1. 1. 1. 1. 1. 1. 1. 1. 1. 1. 1. 1. 1. 1. 1. 1. 1. 1. 1.
 1. 1. 1. 1. 1. 1. 1. 1. 1. 1. 1. 1. 1. 1. 1. 1. 1. 1. 1. 1. 1. 1. 1. 1.
 1. 1. 1. 1. 1. 1. 1. 1. 1. 1. 1. 1. 1. 1. 1. 1. 1. 1.]
trea:  0.7807017543859649 0.0 1.0



study to test: study_17705_GPL96_JBI_Tissue_BC_Tamoxifen-bmc15
(2122, 23475) (103, 23475)
[1. 1. 1. 0. 0. 0. 1. 1. 1. 1. 1. 1. 1. 1. 1. 1. 1. 1. 1. 0. 0. 1. 1. 1.
 1. 1. 1. 1. 1. 1. 1. 1. 1. 0. 1. 1. 1. 1. 1. 0. 1. 1. 1. 1. 1. 1. 1. 1.
 0. 1. 1. 1. 1. 0. 1. 1. 1. 1. 1. 1. 1. 1. 1. 1. 1. 0. 0. 0. 0. 1. 1. 1.
 1. 1. 1. 0. 0. 1. 1. 1. 1. 0. 1. 1. 1. 0. 1. 1. 1. 1. 0. 1. 1. 1. 1. 1.
 1. 1. 1. 1. 1. 1. 1.]
[1. 1. 1. 1. 1. 1. 1. 1. 1. 1. 1. 1. 1. 1. 1. 1. 1. 1. 1. 1. 1. 1. 1. 1.
 1. 1. 1. 1. 1. 1. 1. 1. 1. 1. 1. 0. 1. 1. 1. 1. 1. 1. 1. 1. 1. 1. 1. 1.
 1. 1. 1. 1. 1. 1. 1. 1. 1. 1. 1. 1. 1. 1. 1. 1. 1. 1. 1. 1. 1. 1. 1. 1.
 1. 1. 1. 0. 1. 1. 1. 1. 1. 1. 1. 1. 1. 1. 1. 1. 1. 1. 1. 1. 1. 1. 1. 1.
 1. 1. 1. 1. 1. 1. 1.]
full:  0.8252427184466019 0.05555555555555555 0.9882352941176471

(2122, 8836) (103, 8836)
[1. 1. 1. 0. 0. 0. 1. 1. 1. 1. 1. 1. 1. 1. 1. 1. 1. 1. 1. 0. 0. 1. 1. 1.
 1. 1. 1. 1. 1. 1. 1. 1. 1. 0. 1. 1. 1. 1. 1. 0. 1. 1. 1. 1. 1. 1. 1. 1.
 0. 1. 1. 1. 1. 0. 1. 1. 1. 1. 1. 1. 1. 1. 1. 1. 1. 0. 0. 0. 0. 1. 1. 1.
 1. 1. 1. 0. 0. 1. 1. 1. 1. 0. 1. 1. 1. 0. 1. 1. 1. 1. 0. 1. 1. 1. 1. 1.
 1. 1. 1. 1. 1. 1. 1.]
[1. 1. 1. 1. 1. 1. 1. 1. 1. 1. 1. 1. 1. 1. 1. 1. 1. 1. 1. 1. 1. 1. 1. 1.
 1. 1. 1. 1. 0. 1. 1. 1. 1. 1. 1. 1. 1. 1. 0. 1. 1. 1. 1. 1. 1. 1. 1. 1.
 1. 1. 1. 1. 1. 1. 1. 0. 1. 1. 1. 1. 1. 1. 1. 1. 1. 1. 1. 1. 1. 1. 1. 1.
 1. 1. 1. 0. 1. 1. 1. 1. 1. 1. 1. 1. 1. 1. 1. 1. 1. 1. 1. 1. 1. 1. 1. 1.
 1. 0. 1. 1. 1. 1. 1.]
mike:  0.7961165048543689 0.05555555555555555 0.9529411764705882

(2122, 4) (103, 4)
[1. 1. 1. 0. 0. 0. 1. 1. 1. 1. 1. 1. 1. 1. 1. 1. 1. 1. 1. 0. 0. 1. 1. 1.
 1. 1. 1. 1. 1. 1. 1. 1. 1. 0. 1. 1. 1. 1. 1. 0. 1. 1. 1. 1. 1. 1. 1. 1.
 0. 1. 1. 1. 1. 0. 1. 1. 1. 1. 1. 1. 1. 1. 1. 1. 1. 0. 0. 0. 0. 1. 1. 1.
 1. 1. 1. 0. 0. 1. 1. 1. 1. 0. 1. 1. 1. 0. 1. 1. 1. 1. 0. 1. 1. 1. 1. 1.
 1. 1. 1. 1. 1. 1. 1.]
[1. 1. 1. 1. 1. 1. 1. 1. 1. 1. 1. 1. 1. 1. 1. 1. 1. 1. 1. 1. 1. 1. 1. 1.
 1. 1. 1. 1. 1. 1. 1. 1. 1. 1. 1. 1. 1. 1. 1. 1. 1. 1. 1. 1. 1. 1. 1. 1.
 1. 1. 1. 1. 1. 1. 1. 1. 1. 1. 1. 1. 1. 1. 1. 1. 1. 1. 1. 1. 1. 1. 1. 1.
 1. 1. 1. 1. 1. 1. 1. 1. 1. 1. 1. 1. 1. 1. 1. 1. 1. 1. 1. 1. 1. 1. 1. 1.
 1. 1. 1. 1. 1. 1. 1.]
trea:  0.8252427184466019 0.0 1.0



study to test: study_17705_GPL96_MDACC_Tissue_BC_Tamoxifen-bmc15
(2030, 23475) (195, 23475)
[0. 0. 1. 1. 1. 1. 0. 1. 1. 1. 1. 1. 0. 1. 1. 1. 0. 1. 1. 0. 0. 0. 1. 0.
 1. 0. 1. 0. 1. 1. 1. 1. 1. 1. 1. 0. 1. 1. 1. 0. 1. 1. 1. 0. 1. 0. 1. 1.
 0. 1. 1. 1. 1. 1. 1. 0. 1. 1. 0. 1. 1. 1. 1. 1. 1. 1. 1. 1. 1. 1. 1. 1.
 1. 1. 1. 1. 1. 1. 1. 1. 1. 0. 0. 1. 1. 0. 1. 1. 1. 0. 1. 0. 1. 1. 0. 1.
 0. 0. 0. 1. 1. 1. 0. 0. 1. 1. 1. 0. 1. 0. 1. 0. 1. 0. 1. 1. 1. 1. 1. 1.
 1. 1. 0. 0. 1. 1. 1. 1. 0. 0. 1. 1. 0. 1. 1. 1. 1. 0. 1. 0. 0. 0. 0. 1.
 1. 1. 1. 0. 0. 1. 1. 1. 1. 1. 0. 1. 0. 0. 0. 1. 0. 1. 1. 1. 1. 1. 1. 1.
 1. 0. 1. 1. 1. 1. 1. 1. 1. 1. 1. 1. 1. 0. 1. 1. 1. 1. 1. 1. 1. 1. 1. 1.
 1. 0. 1.]
[1. 0. 1. 1. 1. 1. 1. 1. 1. 1. 1. 1. 1. 1. 1. 1. 1. 1. 1. 1. 1. 1. 1. 0.
 1. 1. 1. 1. 1. 1. 1. 1. 1. 1. 1. 1. 1. 1. 1. 1. 1. 1. 1. 1. 1. 1. 1. 1.
 1. 1. 1. 1. 1. 1. 1. 1. 1. 1. 1. 1. 1. 1. 1. 1. 1. 1. 1. 1. 1. 1. 1. 1.
 1. 1. 1. 1. 1. 1. 1. 1. 1. 1. 1. 1. 1. 1. 1. 1. 1. 1. 1. 1. 1. 1. 1. 1.
 1. 1. 1. 1. 0. 1. 1. 1. 1. 1. 1. 1. 1. 1. 1. 1. 1. 1. 1. 1. 1. 1. 1. 0.
 1. 1. 1. 1. 1. 1. 1. 1. 1. 1. 1. 1. 1. 1. 1. 1. 1. 1. 1. 1. 1. 1. 1. 1.
 1. 1. 1. 1. 1. 1. 1. 1. 1. 1. 1. 1. 1. 1. 1. 1. 1. 1. 1. 1. 1. 1. 1. 1.
 1. 1. 1. 1. 1. 1. 1. 1. 1. 1. 1. 1. 1. 1. 1. 1. 1. 1. 1. 1. 1. 1. 1. 1.
 1. 1. 1.]
full:  0.7282051282051282 0.03773584905660377 0.9859154929577465

(2030, 8836) (195, 8836)
[0. 0. 1. 1. 1. 1. 0. 1. 1. 1. 1. 1. 0. 1. 1. 1. 0. 1. 1. 0. 0. 0. 1. 0.
 1. 0. 1. 0. 1. 1. 1. 1. 1. 1. 1. 0. 1. 1. 1. 0. 1. 1. 1. 0. 1. 0. 1. 1.
 0. 1. 1. 1. 1. 1. 1. 0. 1. 1. 0. 1. 1. 1. 1. 1. 1. 1. 1. 1. 1. 1. 1. 1.
 1. 1. 1. 1. 1. 1. 1. 1. 1. 0. 0. 1. 1. 0. 1. 1. 1. 0. 1. 0. 1. 1. 0. 1.
 0. 0. 0. 1. 1. 1. 0. 0. 1. 1. 1. 0. 1. 0. 1. 0. 1. 0. 1. 1. 1. 1. 1. 1.
 1. 1. 0. 0. 1. 1. 1. 1. 0. 0. 1. 1. 0. 1. 1. 1. 1. 0. 1. 0. 0. 0. 0. 1.
 1. 1. 1. 0. 0. 1. 1. 1. 1. 1. 0. 1. 0. 0. 0. 1. 0. 1. 1. 1. 1. 1. 1. 1.
 1. 0. 1. 1. 1. 1. 1. 1. 1. 1. 1. 1. 1. 0. 1. 1. 1. 1. 1. 1. 1. 1. 1. 1.
 1. 0. 1.]
[1. 1. 1. 1. 1. 1. 1. 0. 1. 1. 1. 1. 1. 1. 1. 1. 1. 1. 1. 1. 1. 1. 1. 1.
 1. 1. 1. 1. 1. 1. 1. 1. 1. 1. 1. 1. 1. 1. 1. 1. 1. 1. 1. 1. 1. 1. 1. 1.
 1. 1. 1. 1. 1. 1. 1. 1. 1. 1. 1. 1. 1. 1. 1. 1. 1. 1. 1. 1. 1. 1. 1. 1.
 1. 1. 1. 1. 1. 1. 1. 1. 1. 1. 1. 1. 1. 1. 1. 1. 1. 1. 1. 1. 1. 1. 1. 1.
 1. 1. 1. 1. 0. 1. 1. 1. 1. 1. 1. 1. 1. 1. 1. 1. 1. 1. 1. 1. 0. 1. 0. 1.
 0. 1. 1. 1. 1. 1. 1. 1. 1. 1. 1. 1. 1. 1. 1. 1. 1. 1. 1. 1. 1. 1. 1. 1.
 1. 1. 1. 1. 1. 1. 1. 1. 1. 1. 1. 1. 1. 1. 1. 1. 1. 1. 1. 1. 1. 1. 1. 1.
 1. 1. 1. 1. 1. 1. 1. 1. 1. 1. 1. 1. 1. 1. 1. 1. 1. 1. 1. 1. 1. 1. 1. 1.
 1. 1. 1.]
mike:  0.7025641025641025 0.0 0.9647887323943662

(2030, 4) (195, 4)
[0. 0. 1. 1. 1. 1. 0. 1. 1. 1. 1. 1. 0. 1. 1. 1. 0. 1. 1. 0. 0. 0. 1. 0.
 1. 0. 1. 0. 1. 1. 1. 1. 1. 1. 1. 0. 1. 1. 1. 0. 1. 1. 1. 0. 1. 0. 1. 1.
 0. 1. 1. 1. 1. 1. 1. 0. 1. 1. 0. 1. 1. 1. 1. 1. 1. 1. 1. 1. 1. 1. 1. 1.
 1. 1. 1. 1. 1. 1. 1. 1. 1. 0. 0. 1. 1. 0. 1. 1. 1. 0. 1. 0. 1. 1. 0. 1.
 0. 0. 0. 1. 1. 1. 0. 0. 1. 1. 1. 0. 1. 0. 1. 0. 1. 0. 1. 1. 1. 1. 1. 1.
 1. 1. 0. 0. 1. 1. 1. 1. 0. 0. 1. 1. 0. 1. 1. 1. 1. 0. 1. 0. 0. 0. 0. 1.
 1. 1. 1. 0. 0. 1. 1. 1. 1. 1. 0. 1. 0. 0. 0. 1. 0. 1. 1. 1. 1. 1. 1. 1.
 1. 0. 1. 1. 1. 1. 1. 1. 1. 1. 1. 1. 1. 0. 1. 1. 1. 1. 1. 1. 1. 1. 1. 1.
 1. 0. 1.]
[1. 1. 1. 1. 1. 1. 1. 1. 1. 1. 1. 1. 1. 1. 1. 1. 1. 1. 1. 1. 1. 1. 1. 1.
 1. 1. 1. 1. 1. 1. 1. 1. 1. 1. 1. 1. 1. 1. 1. 1. 1. 1. 1. 1. 1. 1. 1. 1.
 1. 1. 1. 1. 1. 1. 1. 1. 1. 1. 1. 1. 1. 1. 1. 1. 1. 1. 1. 1. 1. 1. 1. 1.
 1. 1. 1. 1. 1. 1. 1. 1. 1. 1. 1. 1. 1. 1. 1. 1. 1. 1. 1. 1. 1. 1. 1. 1.
 1. 1. 1. 1. 1. 1. 1. 1. 1. 1. 1. 1. 1. 1. 1. 1. 1. 1. 1. 1. 1. 1. 1. 1.
 1. 1. 1. 1. 1. 1. 1. 1. 1. 1. 1. 1. 1. 1. 1. 1. 1. 1. 1. 1. 1. 1. 1. 1.
 1. 1. 1. 1. 1. 1. 1. 1. 1. 1. 1. 1. 1. 1. 1. 1. 1. 1. 1. 1. 1. 1. 1. 1.
 1. 1. 1. 1. 1. 1. 1. 1. 1. 1. 1. 1. 1. 1. 1. 1. 1. 1. 1. 1. 1. 1. 1. 1.
 1. 1. 1.]
trea:  0.7282051282051282 0.0 1.0



study to test: study_19615_GPL570_all-bmc15
(2115, 23475) (110, 23475)
[1. 1. 1. 1. 1. 1. 1. 1. 1. 1. 1. 1. 1. 0. 1. 1. 1. 1. 1. 1. 1. 1. 1. 1.
 0. 1. 1. 1. 0. 1. 1. 1. 1. 1. 1. 1. 1. 1. 1. 1. 1. 1. 1. 0. 1. 0. 1. 1.
 0. 1. 1. 1. 1. 0. 1. 1. 1. 1. 1. 1. 1. 1. 1. 1. 1. 1. 1. 1. 1. 0. 0. 1.
 1. 1. 0. 1. 0. 1. 1. 1. 1. 1. 1. 0. 1. 1. 0. 1. 1. 1. 1. 1. 1. 1. 1. 1.
 1. 1. 1. 1. 1. 1. 1. 1. 0. 1. 1. 1. 1. 1.]
[1. 1. 0. 1. 1. 1. 1. 1. 1. 1. 1. 1. 1. 1. 1. 1. 1. 1. 1. 1. 1. 1. 1. 1.
 1. 1. 1. 1. 1. 1. 1. 1. 1. 1. 1. 1. 1. 1. 1. 1. 1. 1. 1. 1. 1. 1. 1. 1.
 1. 1. 1. 1. 1. 1. 1. 1. 0. 1. 1. 1. 1. 1. 1. 1. 1. 1. 1. 1. 1. 1. 1. 1.
 1. 1. 1. 1. 1. 1. 1. 1. 0. 1. 1. 1. 1. 1. 1. 1. 1. 1. 1. 1. 1. 1. 1. 0.
 1. 1. 0. 1. 1. 0. 1. 1. 1. 1. 1. 1. 1. 1.]
full:  0.8181818181818182 0.0 0.9375

(2115, 8836) (110, 8836)
[1. 1. 1. 1. 1. 1. 1. 1. 1. 1. 1. 1. 1. 0. 1. 1. 1. 1. 1. 1. 1. 1. 1. 1.
 0. 1. 1. 1. 0. 1. 1. 1. 1. 1. 1. 1. 1. 1. 1. 1. 1. 1. 1. 0. 1. 0. 1. 1.
 0. 1. 1. 1. 1. 0. 1. 1. 1. 1. 1. 1. 1. 1. 1. 1. 1. 1. 1. 1. 1. 0. 0. 1.
 1. 1. 0. 1. 0. 1. 1. 1. 1. 1. 1. 0. 1. 1. 0. 1. 1. 1. 1. 1. 1. 1. 1. 1.
 1. 1. 1. 1. 1. 1. 1. 1. 0. 1. 1. 1. 1. 1.]
[1. 1. 1. 1. 1. 1. 1. 1. 1. 1. 1. 1. 1. 0. 1. 1. 1. 1. 1. 1. 0. 1. 1. 1.
 1. 1. 1. 1. 1. 1. 1. 0. 1. 1. 1. 1. 1. 1. 1. 0. 1. 1. 1. 0. 1. 1. 1. 1.
 0. 1. 1. 1. 1. 1. 1. 1. 1. 1. 1. 1. 1. 1. 1. 0. 1. 1. 1. 1. 1. 0. 1. 0.
 1. 0. 1. 0. 0. 1. 1. 1. 1. 1. 1. 1. 1. 1. 1. 1. 1. 1. 1. 1. 1. 1. 1. 1.
 1. 1. 1. 1. 1. 1. 0. 1. 1. 1. 1. 1. 1. 1.]
mike:  0.8454545454545455 0.35714285714285715 0.9166666666666666

(2115, 4) (110, 4)
[1. 1. 1. 1. 1. 1. 1. 1. 1. 1. 1. 1. 1. 0. 1. 1. 1. 1. 1. 1. 1. 1. 1. 1.
 0. 1. 1. 1. 0. 1. 1. 1. 1. 1. 1. 1. 1. 1. 1. 1. 1. 1. 1. 0. 1. 0. 1. 1.
 0. 1. 1. 1. 1. 0. 1. 1. 1. 1. 1. 1. 1. 1. 1. 1. 1. 1. 1. 1. 1. 0. 0. 1.
 1. 1. 0. 1. 0. 1. 1. 1. 1. 1. 1. 0. 1. 1. 0. 1. 1. 1. 1. 1. 1. 1. 1. 1.
 1. 1. 1. 1. 1. 1. 1. 1. 0. 1. 1. 1. 1. 1.]
[0. 1. 1. 1. 1. 1. 1. 0. 0. 0. 0. 0. 0. 0. 1. 1. 0. 0. 0. 1. 0. 1. 0. 0.
 1. 1. 1. 1. 1. 0. 0. 1. 0. 0. 1. 0. 0. 1. 0. 1. 1. 1. 1. 1. 0. 1. 1. 1.
 1. 1. 0. 0. 1. 1. 0. 0. 0. 0. 0. 1. 1. 1. 1. 1. 1. 1. 1. 0. 1. 1. 0. 0.
 1. 1. 1. 1. 1. 0. 0. 1. 1. 0. 1. 1. 1. 0. 1. 1. 1. 0. 1. 1. 1. 0. 1. 1.
 1. 0. 1. 0. 1. 0. 1. 0. 1. 1. 1. 1. 1. 1.]
trea:  0.5272727272727272 0.14285714285714285 0.5833333333333334



study to test: study_20181_GPL96_all-bmc15
(2172, 23475) (53, 23475)
[1. 0. 1. 1. 1. 1. 1. 1. 1. 1. 1. 1. 1. 1. 0. 1. 1. 1. 0. 1. 0. 1. 0. 0.
 0. 0. 1. 1. 1. 0. 0. 1. 1. 1. 1. 1. 1. 0. 0. 1. 1. 1. 0. 1. 1. 1. 1. 0.
 0. 1. 1. 0. 1.]
[1. 1. 1. 1. 1. 1. 1. 1. 1. 1. 1. 1. 1. 1. 1. 1. 1. 1. 1. 1. 0. 1. 1. 1.
 1. 1. 1. 1. 1. 1. 0. 1. 0. 1. 1. 1. 1. 1. 1. 0. 1. 1. 0. 1. 0. 1. 1. 1.
 1. 1. 1. 1. 1.]
full:  0.6981132075471698 0.1875 0.918918918918919

(2172, 8836) (53, 8836)
[1. 0. 1. 1. 1. 1. 1. 1. 1. 1. 1. 1. 1. 1. 0. 1. 1. 1. 0. 1. 0. 1. 0. 0.
 0. 0. 1. 1. 1. 0. 0. 1. 1. 1. 1. 1. 1. 0. 0. 1. 1. 1. 0. 1. 1. 1. 1. 0.
 0. 1. 1. 0. 1.]
[1. 1. 1. 1. 1. 1. 1. 1. 1. 1. 1. 1. 1. 1. 1. 1. 1. 1. 1. 1. 1. 1. 1. 1.
 1. 1. 1. 1. 1. 1. 0. 1. 1. 1. 1. 0. 1. 1. 1. 1. 1. 1. 1. 1. 1. 1. 1. 1.
 1. 1. 1. 1. 1.]
mike:  0.6981132075471698 0.0625 0.972972972972973

(2172, 4) (53, 4)
[1. 0. 1. 1. 1. 1. 1. 1. 1. 1. 1. 1. 1. 1. 0. 1. 1. 1. 0. 1. 0. 1. 0. 0.
 0. 0. 1. 1. 1. 0. 0. 1. 1. 1. 1. 1. 1. 0. 0. 1. 1. 1. 0. 1. 1. 1. 1. 0.
 0. 1. 1. 0. 1.]
[1. 1. 1. 1. 1. 1. 1. 1. 1. 1. 1. 1. 1. 1. 1. 1. 1. 1. 1. 1. 1. 1. 1. 1.
 1. 1. 1. 1. 1. 1. 1. 1. 1. 1. 1. 1. 1. 1. 1. 1. 1. 1. 1. 1. 1. 1. 1. 1.
 1. 1. 1. 1. 1.]
trea:  0.6981132075471698 0.0 1.0



study to test: study_20194_GPL96_all-bmc15
(1964, 23475) (261, 23475)
[0. 0. 0. 0. 0. 0. 0. 1. 1. 0. 0. 1. 0. 1. 1. 0. 1. 0. 0. 0. 0. 1. 0. 1.
 0. 0. 0. 0. 1. 1. 1. 1. 1. 0. 0. 0. 0. 0. 0. 0. 1. 0. 1. 0. 0. 1. 0. 0.
 0. 0. 0. 0. 0. 0. 0. 0. 0. 0. 1. 1. 0. 0. 1. 1. 0. 0. 0. 0. 0. 0. 0. 0.
 0. 0. 0. 0. 0. 0. 0. 0. 0. 0. 0. 1. 0. 0. 0. 0. 0. 0. 0. 1. 0. 0. 0. 1.
 0. 0. 0. 0. 1. 0. 0. 0. 0. 0. 1. 1. 1. 1. 1. 1. 0. 0. 0. 0. 0. 1. 0. 1.
 0. 1. 0. 0. 0. 0. 1. 1. 0. 0. 0. 1. 0. 0. 0. 1. 0. 0. 1. 1. 0. 0. 0. 0.
 0. 0. 0. 0. 0. 0. 1. 0. 0. 0. 0. 0. 0. 0. 0. 0. 0. 0. 1. 0. 0. 0. 1. 0.
 0. 0. 0. 0. 0. 0. 0. 0. 1. 0. 0. 0. 0. 0. 0. 0. 0. 0. 1. 0. 0. 0. 1. 0.
 0. 0. 0. 1. 0. 0. 0. 0. 1. 0. 0. 0. 0. 0. 0. 0. 0. 0. 0. 0. 0. 0. 1. 0.
 0. 1. 0. 1. 0. 1. 0. 0. 0. 0. 0. 0. 0. 0. 0. 0. 0. 0. 0. 1. 0. 0. 1. 1.
 0. 0. 0. 0. 0. 0. 0. 0. 0. 0. 0. 0. 0. 1. 0. 0. 0. 0. 0. 0. 0.]
[1. 1. 1. 1. 1. 0. 0. 1. 1. 1. 0. 1. 1. 1. 1. 0. 1. 0. 1. 1. 1. 1. 1. 1.
 1. 1. 1. 1. 1. 1. 1. 1. 1. 1. 1. 0. 1. 1. 1. 1. 1. 1. 1. 1. 1. 1. 1. 1.
 1. 1. 1. 1. 1. 1. 1. 1. 1. 1. 1. 1. 1. 1. 1. 1. 0. 1. 1. 1. 1. 1. 1. 1.
 1. 1. 1. 1. 1. 1. 1. 1. 1. 1. 1. 1. 1. 1. 1. 1. 1. 1. 1. 1. 1. 1. 0. 1.
 1. 1. 1. 0. 1. 1. 0. 1. 1. 1. 1. 1. 1. 1. 1. 1. 1. 1. 1. 1. 1. 1. 1. 1.
 1. 1. 1. 1. 0. 1. 1. 1. 1. 1. 1. 1. 1. 1. 1. 1. 1. 1. 1. 1. 1. 1. 1. 1.
 1. 1. 1. 1. 1. 1. 1. 1. 1. 1. 1. 1. 1. 1. 0. 1. 1. 1. 1. 1. 1. 1. 1. 1.
 1. 1. 1. 0. 1. 0. 1. 1. 1. 1. 1. 0. 1. 0. 0. 1. 1. 1. 1. 1. 0. 1. 1. 1.
 0. 1. 1. 1. 1. 1. 1. 0. 1. 1. 0. 0. 1. 1. 1. 0. 1. 0. 0. 1. 1. 0. 1. 1.
 1. 1. 0. 1. 1. 1. 1. 1. 1. 1. 1. 0. 1. 1. 1. 1. 1. 1. 1. 1. 1. 1. 1. 1.
 1. 1. 1. 1. 1. 1. 1. 1. 1. 1. 1. 1. 1. 1. 1. 1. 1. 1. 1. 1. 1.]
full:  0.31800766283524906 0.13592233009708737 1.0

(1964, 8836) (261, 8836)
[0. 0. 0. 0. 0. 0. 0. 1. 1. 0. 0. 1. 0. 1. 1. 0. 1. 0. 0. 0. 0. 1. 0. 1.
 0. 0. 0. 0. 1. 1. 1. 1. 1. 0. 0. 0. 0. 0. 0. 0. 1. 0. 1. 0. 0. 1. 0. 0.
 0. 0. 0. 0. 0. 0. 0. 0. 0. 0. 1. 1. 0. 0. 1. 1. 0. 0. 0. 0. 0. 0. 0. 0.
 0. 0. 0. 0. 0. 0. 0. 0. 0. 0. 0. 1. 0. 0. 0. 0. 0. 0. 0. 1. 0. 0. 0. 1.
 0. 0. 0. 0. 1. 0. 0. 0. 0. 0. 1. 1. 1. 1. 1. 1. 0. 0. 0. 0. 0. 1. 0. 1.
 0. 1. 0. 0. 0. 0. 1. 1. 0. 0. 0. 1. 0. 0. 0. 1. 0. 0. 1. 1. 0. 0. 0. 0.
 0. 0. 0. 0. 0. 0. 1. 0. 0. 0. 0. 0. 0. 0. 0. 0. 0. 0. 1. 0. 0. 0. 1. 0.
 0. 0. 0. 0. 0. 0. 0. 0. 1. 0. 0. 0. 0. 0. 0. 0. 0. 0. 1. 0. 0. 0. 1. 0.
 0. 0. 0. 1. 0. 0. 0. 0. 1. 0. 0. 0. 0. 0. 0. 0. 0. 0. 0. 0. 0. 0. 1. 0.
 0. 1. 0. 1. 0. 1. 0. 0. 0. 0. 0. 0. 0. 0. 0. 0. 0. 0. 0. 1. 0. 0. 1. 1.
 0. 0. 0. 0. 0. 0. 0. 0. 0. 0. 0. 0. 0. 1. 0. 0. 0. 0. 0. 0. 0.]
[1. 1. 1. 1. 1. 0. 0. 1. 1. 1. 0. 1. 1. 1. 1. 0. 1. 0. 1. 1. 0. 1. 1. 1.
 1. 1. 1. 1. 1. 1. 1. 1. 1. 1. 1. 0. 1. 1. 1. 1. 1. 1. 1. 1. 1. 1. 1. 1.
 1. 1. 1. 1. 1. 1. 1. 1. 1. 1. 1. 1. 1. 1. 1. 1. 0. 1. 1. 1. 1. 1. 1. 1.
 1. 0. 1. 1. 1. 1. 1. 1. 1. 1. 1. 1. 1. 1. 1. 1. 1. 1. 1. 1. 1. 1. 0. 1.
 1. 1. 1. 0. 1. 1. 0. 1. 1. 1. 1. 1. 1. 1. 1. 1. 1. 1. 1. 1. 1. 1. 1. 1.
 1. 1. 1. 1. 0. 1. 1. 1. 1. 1. 1. 1. 1. 1. 1. 1. 1. 1. 1. 1. 1. 1. 0. 1.
 1. 1. 1. 1. 1. 1. 1. 1. 1. 1. 1. 1. 1. 1. 0. 1. 1. 1. 1. 0. 1. 1. 1. 1.
 1. 1. 1. 0. 1. 0. 1. 1. 1. 1. 1. 0. 1. 0. 0. 1. 1. 1. 1. 1. 0. 1. 1. 1.
 0. 1. 1. 1. 0. 1. 1. 0. 1. 1. 0. 0. 1. 1. 1. 0. 1. 0. 1. 1. 1. 0. 1. 0.
 1. 1. 0. 1. 1. 1. 1. 1. 1. 1. 1. 0. 1. 0. 1. 1. 1. 1. 1. 1. 1. 1. 1. 1.
 1. 1. 1. 1. 1. 1. 1. 1. 1. 1. 1. 1. 1. 1. 1. 1. 1. 1. 1. 0. 0.]
mike:  0.3486590038314176 0.17475728155339806 1.0

(1964, 4) (261, 4)
[0. 0. 0. 0. 0. 0. 0. 1. 1. 0. 0. 1. 0. 1. 1. 0. 1. 0. 0. 0. 0. 1. 0. 1.
 0. 0. 0. 0. 1. 1. 1. 1. 1. 0. 0. 0. 0. 0. 0. 0. 1. 0. 1. 0. 0. 1. 0. 0.
 0. 0. 0. 0. 0. 0. 0. 0. 0. 0. 1. 1. 0. 0. 1. 1. 0. 0. 0. 0. 0. 0. 0. 0.
 0. 0. 0. 0. 0. 0. 0. 0. 0. 0. 0. 1. 0. 0. 0. 0. 0. 0. 0. 1. 0. 0. 0. 1.
 0. 0. 0. 0. 1. 0. 0. 0. 0. 0. 1. 1. 1. 1. 1. 1. 0. 0. 0. 0. 0. 1. 0. 1.
 0. 1. 0. 0. 0. 0. 1. 1. 0. 0. 0. 1. 0. 0. 0. 1. 0. 0. 1. 1. 0. 0. 0. 0.
 0. 0. 0. 0. 0. 0. 1. 0. 0. 0. 0. 0. 0. 0. 0. 0. 0. 0. 1. 0. 0. 0. 1. 0.
 0. 0. 0. 0. 0. 0. 0. 0. 1. 0. 0. 0. 0. 0. 0. 0. 0. 0. 1. 0. 0. 0. 1. 0.
 0. 0. 0. 1. 0. 0. 0. 0. 1. 0. 0. 0. 0. 0. 0. 0. 0. 0. 0. 0. 0. 0. 1. 0.
 0. 1. 0. 1. 0. 1. 0. 0. 0. 0. 0. 0. 0. 0. 0. 0. 0. 0. 0. 1. 0. 0. 1. 1.
 0. 0. 0. 0. 0. 0. 0. 0. 0. 0. 0. 0. 0. 1. 0. 0. 0. 0. 0. 0. 0.]
[1. 1. 1. 1. 1. 1. 1. 1. 1. 1. 1. 1. 1. 1. 1. 1. 1. 1. 1. 1. 1. 1. 1. 1.
 1. 1. 1. 1. 1. 1. 1. 1. 1. 1. 1. 1. 1. 1. 1. 1. 1. 1. 1. 1. 1. 1. 1. 1.
 1. 1. 1. 1. 1. 1. 1. 1. 1. 1. 1. 1. 1. 1. 1. 1. 1. 1. 1. 1. 1. 1. 1. 1.
 1. 1. 1. 1. 1. 1. 1. 1. 1. 1. 1. 1. 1. 1. 1. 1. 1. 1. 1. 1. 1. 1. 1. 1.
 1. 1. 1. 1. 1. 1. 1. 1. 1. 1. 1. 1. 1. 1. 1. 1. 1. 1. 1. 1. 1. 1. 1. 1.
 1. 1. 1. 1. 1. 1. 1. 1. 1. 1. 1. 1. 1. 1. 1. 1. 1. 1. 1. 1. 1. 1. 1. 1.
 1. 1. 1. 1. 1. 1. 1. 1. 1. 1. 1. 1. 1. 1. 1. 1. 1. 1. 1. 1. 1. 1. 1. 1.
 1. 1. 1. 1. 1. 1. 1. 1. 1. 1. 1. 1. 1. 1. 1. 1. 1. 1. 1. 1. 1. 1. 1. 1.
 1. 1. 1. 1. 1. 1. 1. 1. 1. 1. 1. 1. 1. 1. 1. 1. 1. 1. 1. 1. 1. 1. 1. 1.
 1. 1. 1. 1. 1. 1. 1. 1. 1. 1. 1. 1. 1. 1. 1. 1. 1. 1. 1. 1. 1. 1. 1. 1.
 1. 1. 1. 1. 1. 1. 1. 1. 1. 1. 1. 1. 1. 1. 1. 1. 1. 1. 1. 1. 1.]
trea:  0.210727969348659 0.0 1.0



study to test: study_2034_GPL96_all-bmc15
(1939, 23475) (286, 23475)
[1. 0. 1. 1. 1. 1. 1. 0. 1. 1. 1. 1. 0. 1. 1. 1. 1. 1. 1. 0. 1. 1. 0. 1.
 1. 1. 1. 1. 1. 1. 1. 1. 1. 0. 1. 0. 0. 0. 1. 1. 0. 1. 1. 1. 1. 1. 1. 1.
 0. 1. 1. 1. 1. 1. 1. 1. 1. 0. 1. 1. 0. 0. 1. 1. 1. 1. 1. 1. 1. 1. 1. 1.
 1. 1. 1. 1. 1. 1. 1. 1. 0. 1. 0. 1. 0. 1. 1. 1. 1. 1. 1. 1. 0. 1. 0. 1.
 0. 0. 1. 0. 1. 0. 1. 0. 1. 1. 1. 0. 1. 1. 0. 1. 1. 1. 1. 1. 1. 1. 1. 0.
 0. 1. 1. 1. 0. 0. 1. 0. 1. 1. 0. 1. 1. 0. 1. 1. 1. 1. 1. 1. 0. 1. 0. 1.
 1. 0. 0. 1. 0. 0. 0. 1. 1. 0. 1. 1. 1. 1. 1. 0. 1. 0. 1. 0. 1. 0. 1. 1.
 0. 0. 1. 0. 0. 1. 0. 1. 0. 0. 0. 0. 1. 1. 0. 1. 1. 1. 0. 1. 1. 0. 1. 0.
 1. 0. 0. 0. 0. 1. 0. 1. 1. 1. 1. 1. 1. 0. 1. 0. 0. 1. 1. 0. 1. 1. 1. 1.
 0. 1. 0. 0. 0. 0. 1. 0. 0. 0. 0. 0. 0. 0. 0. 1. 1. 0. 1. 0. 1. 1. 1. 1.
 0. 1. 0. 1. 0. 0. 1. 1. 0. 0. 0. 0. 0. 0. 1. 1. 1. 0. 0. 0. 0. 0. 0. 0.
 0. 1. 1. 1. 1. 1. 1. 0. 0. 0. 0. 0. 1. 1. 1. 1. 0. 1. 1. 1. 1. 0.]
[1. 1. 1. 1. 1. 1. 1. 1. 1. 1. 1. 1. 1. 1. 1. 1. 1. 1. 1. 1. 1. 1. 1. 1.
 1. 1. 1. 1. 1. 1. 1. 1. 1. 1. 1. 1. 1. 1. 1. 1. 1. 1. 1. 1. 1. 1. 1. 1.
 1. 1. 1. 1. 1. 1. 1. 1. 1. 1. 1. 1. 1. 1. 1. 1. 1. 1. 1. 1. 1. 1. 1. 1.
 1. 1. 1. 1. 1. 0. 1. 1. 1. 1. 1. 1. 1. 1. 1. 0. 1. 1. 1. 1. 1. 1. 1. 1.
 1. 1. 1. 1. 1. 1. 1. 1. 1. 1. 1. 1. 1. 1. 1. 1. 1. 1. 1. 1. 1. 1. 1. 1.
 1. 1. 1. 1. 1. 0. 1. 1. 1. 1. 1. 1. 1. 1. 0. 1. 1. 1. 1. 1. 1. 1. 1. 1.
 1. 1. 1. 1. 0. 1. 1. 1. 1. 1. 1. 1. 1. 1. 1. 1. 1. 1. 1. 1. 1. 1. 1. 1.
 1. 1. 1. 1. 1. 1. 1. 1. 1. 1. 1. 1. 1. 1. 1. 1. 1. 1. 1. 1. 1. 1. 1. 1.
 1. 1. 1. 1. 0. 1. 1. 1. 1. 1. 1. 1. 1. 1. 1. 1. 1. 1. 1. 1. 1. 1. 1. 1.
 1. 1. 1. 1. 1. 1. 1. 1. 1. 1. 0. 1. 1. 1. 1. 1. 1. 1. 1. 1. 0. 1. 1. 1.
 1. 1. 0. 1. 1. 1. 1. 1. 1. 1. 1. 1. 1. 1. 1. 1. 1. 1. 1. 1. 1. 1. 1. 1.
 1. 1. 1. 1. 1. 0. 1. 1. 1. 1. 1. 1. 1. 1. 1. 1. 1. 1. 1. 1. 1. 1.]
full:  0.6258741258741258 0.04672897196261682 0.9720670391061452

(1939, 8836) (286, 8836)
[1. 0. 1. 1. 1. 1. 1. 0. 1. 1. 1. 1. 0. 1. 1. 1. 1. 1. 1. 0. 1. 1. 0. 1.
 1. 1. 1. 1. 1. 1. 1. 1. 1. 0. 1. 0. 0. 0. 1. 1. 0. 1. 1. 1. 1. 1. 1. 1.
 0. 1. 1. 1. 1. 1. 1. 1. 1. 0. 1. 1. 0. 0. 1. 1. 1. 1. 1. 1. 1. 1. 1. 1.
 1. 1. 1. 1. 1. 1. 1. 1. 0. 1. 0. 1. 0. 1. 1. 1. 1. 1. 1. 1. 0. 1. 0. 1.
 0. 0. 1. 0. 1. 0. 1. 0. 1. 1. 1. 0. 1. 1. 0. 1. 1. 1. 1. 1. 1. 1. 1. 0.
 0. 1. 1. 1. 0. 0. 1. 0. 1. 1. 0. 1. 1. 0. 1. 1. 1. 1. 1. 1. 0. 1. 0. 1.
 1. 0. 0. 1. 0. 0. 0. 1. 1. 0. 1. 1. 1. 1. 1. 0. 1. 0. 1. 0. 1. 0. 1. 1.
 0. 0. 1. 0. 0. 1. 0. 1. 0. 0. 0. 0. 1. 1. 0. 1. 1. 1. 0. 1. 1. 0. 1. 0.
 1. 0. 0. 0. 0. 1. 0. 1. 1. 1. 1. 1. 1. 0. 1. 0. 0. 1. 1. 0. 1. 1. 1. 1.
 0. 1. 0. 0. 0. 0. 1. 0. 0. 0. 0. 0. 0. 0. 0. 1. 1. 0. 1. 0. 1. 1. 1. 1.
 0. 1. 0. 1. 0. 0. 1. 1. 0. 0. 0. 0. 0. 0. 1. 1. 1. 0. 0. 0. 0. 0. 0. 0.
 0. 1. 1. 1. 1. 1. 1. 0. 0. 0. 0. 0. 1. 1. 1. 1. 0. 1. 1. 1. 1. 0.]
[1. 1. 1. 1. 1. 1. 1. 1. 1. 1. 1. 1. 1. 1. 1. 1. 1. 1. 1. 1. 1. 1. 1. 1.
 1. 1. 1. 1. 1. 1. 1. 1. 1. 1. 1. 1. 1. 1. 1. 1. 1. 1. 1. 1. 1. 1. 1. 1.
 1. 1. 1. 1. 1. 1. 1. 1. 1. 1. 1. 1. 1. 1. 1. 1. 1. 1. 1. 1. 1. 1. 1. 1.
 1. 1. 1. 1. 1. 1. 1. 1. 1. 1. 1. 1. 1. 1. 1. 0. 1. 1. 1. 1. 1. 1. 1. 1.
 1. 1. 1. 1. 1. 1. 1. 1. 1. 1. 1. 1. 1. 1. 1. 1. 1. 1. 1. 1. 1. 1. 1. 1.
 1. 1. 1. 1. 1. 1. 1. 1. 1. 1. 1. 1. 1. 1. 1. 1. 1. 1. 1. 1. 1. 1. 1. 1.
 1. 1. 1. 1. 1. 1. 1. 1. 1. 1. 1. 1. 1. 1. 1. 1. 1. 1. 1. 1. 1. 1. 1. 1.
 1. 1. 1. 1. 1. 1. 1. 1. 1. 1. 1. 1. 1. 1. 1. 1. 1. 1. 1. 1. 1. 1. 1. 1.
 1. 1. 1. 1. 1. 1. 1. 1. 1. 1. 1. 1. 1. 1. 1. 1. 1. 1. 1. 1. 1. 1. 1. 1.
 1. 1. 1. 1. 1. 1. 1. 1. 1. 1. 1. 1. 1. 1. 1. 1. 1. 1. 1. 1. 1. 1. 1. 1.
 1. 1. 1. 1. 1. 1. 1. 1. 1. 1. 1. 1. 1. 1. 1. 1. 1. 1. 1. 1. 1. 1. 1. 1.
 1. 1. 1. 1. 1. 1. 1. 1. 1. 1. 1. 1. 1. 1. 1. 1. 1. 1. 1. 1. 1. 1.]
mike:  0.6223776223776224 0.0 0.994413407821229

(1939, 4) (286, 4)
[1. 0. 1. 1. 1. 1. 1. 0. 1. 1. 1. 1. 0. 1. 1. 1. 1. 1. 1. 0. 1. 1. 0. 1.
 1. 1. 1. 1. 1. 1. 1. 1. 1. 0. 1. 0. 0. 0. 1. 1. 0. 1. 1. 1. 1. 1. 1. 1.
 0. 1. 1. 1. 1. 1. 1. 1. 1. 0. 1. 1. 0. 0. 1. 1. 1. 1. 1. 1. 1. 1. 1. 1.
 1. 1. 1. 1. 1. 1. 1. 1. 0. 1. 0. 1. 0. 1. 1. 1. 1. 1. 1. 1. 0. 1. 0. 1.
 0. 0. 1. 0. 1. 0. 1. 0. 1. 1. 1. 0. 1. 1. 0. 1. 1. 1. 1. 1. 1. 1. 1. 0.
 0. 1. 1. 1. 0. 0. 1. 0. 1. 1. 0. 1. 1. 0. 1. 1. 1. 1. 1. 1. 0. 1. 0. 1.
 1. 0. 0. 1. 0. 0. 0. 1. 1. 0. 1. 1. 1. 1. 1. 0. 1. 0. 1. 0. 1. 0. 1. 1.
 0. 0. 1. 0. 0. 1. 0. 1. 0. 0. 0. 0. 1. 1. 0. 1. 1. 1. 0. 1. 1. 0. 1. 0.
 1. 0. 0. 0. 0. 1. 0. 1. 1. 1. 1. 1. 1. 0. 1. 0. 0. 1. 1. 0. 1. 1. 1. 1.
 0. 1. 0. 0. 0. 0. 1. 0. 0. 0. 0. 0. 0. 0. 0. 1. 1. 0. 1. 0. 1. 1. 1. 1.
 0. 1. 0. 1. 0. 0. 1. 1. 0. 0. 0. 0. 0. 0. 1. 1. 1. 0. 0. 0. 0. 0. 0. 0.
 0. 1. 1. 1. 1. 1. 1. 0. 0. 0. 0. 0. 1. 1. 1. 1. 0. 1. 1. 1. 1. 0.]
[1. 1. 1. 1. 1. 1. 1. 1. 1. 1. 1. 1. 1. 1. 1. 1. 1. 1. 1. 1. 1. 1. 1. 1.
 1. 1. 1. 1. 1. 1. 1. 1. 1. 1. 1. 1. 1. 1. 1. 1. 1. 1. 1. 1. 1. 1. 1. 1.
 1. 1. 1. 1. 1. 1. 1. 1. 1. 1. 1. 1. 1. 1. 1. 1. 1. 1. 1. 1. 1. 1. 1. 1.
 1. 1. 1. 1. 1. 1. 1. 1. 1. 1. 1. 1. 1. 1. 1. 1. 1. 1. 1. 1. 1. 1. 1. 1.
 1. 1. 1. 1. 1. 1. 1. 1. 1. 1. 1. 1. 1. 1. 1. 1. 1. 1. 1. 1. 1. 1. 1. 1.
 1. 1. 1. 1. 1. 1. 1. 1. 1. 1. 1. 1. 1. 1. 1. 1. 1. 1. 1. 1. 1. 1. 1. 1.
 1. 1. 1. 1. 1. 1. 1. 1. 1. 1. 1. 1. 1. 1. 1. 1. 1. 1. 1. 1. 1. 1. 1. 1.
 1. 1. 1. 1. 1. 1. 1. 1. 1. 1. 1. 1. 1. 1. 1. 1. 1. 1. 1. 1. 1. 1. 1. 1.
 1. 1. 1. 1. 1. 1. 1. 1. 1. 1. 1. 1. 1. 1. 1. 1. 1. 1. 1. 1. 1. 1. 1. 1.
 1. 1. 1. 1. 1. 1. 1. 1. 1. 1. 1. 1. 1. 1. 1. 1. 1. 1. 1. 1. 1. 1. 1. 1.
 1. 1. 1. 1. 1. 1. 1. 1. 1. 1. 1. 1. 1. 1. 1. 1. 1. 1. 1. 1. 1. 1. 1. 1.
 1. 1. 1. 1. 1. 1. 1. 1. 1. 1. 1. 1. 1. 1. 1. 1. 1. 1. 1. 1. 1. 1.]
trea:  0.6258741258741258 0.0 1.0



study to test: study_22226_GPL1708_all-bmc15
(2097, 23475) (128, 23475)
[0. 1. 0. 0. 0. 0. 1. 1. 0. 1. 0. 1. 1. 1. 1. 1. 1. 1. 1. 1. 1. 1. 0. 0.
 0. 1. 1. 1. 1. 0. 0. 1. 1. 1. 1. 1. 1. 1. 1. 1. 1. 1. 1. 1. 1. 1. 0. 0.
 0. 1. 0. 1. 0. 1. 1. 1. 0. 1. 0. 1. 1. 1. 1. 1. 1. 1. 0. 1. 1. 1. 1. 0.
 1. 1. 1. 0. 1. 1. 0. 0. 1. 1. 1. 1. 1. 1. 1. 0. 1. 0. 1. 1. 1. 0. 1. 1.
 1. 1. 1. 1. 1. 1. 1. 1. 1. 1. 0. 1. 1. 1. 1. 1. 1. 0. 1. 1. 1. 1. 1. 1.
 0. 1. 0. 1. 0. 0. 0. 1.]
[0. 0. 0. 0. 0. 0. 0. 1. 1. 1. 0. 0. 0. 1. 1. 0. 1. 0. 0. 0. 1. 0. 1. 1.
 1. 1. 0. 0. 0. 0. 0. 0. 0. 0. 1. 0. 0. 0. 1. 0. 0. 0. 0. 0. 0. 0. 0. 0.
 0. 1. 0. 0. 1. 0. 0. 1. 1. 0. 1. 0. 0. 1. 1. 0. 1. 0. 0. 0. 0. 0. 1. 0.
 1. 0. 1. 1. 0. 0. 1. 0. 0. 0. 0. 1. 0. 0. 0. 0. 0. 0. 0. 0. 0. 0. 0. 0.
 0. 0. 0. 0. 0. 1. 0. 0. 1. 0. 0. 0. 0. 0. 0. 0. 1. 1. 0. 0. 0. 1. 1. 0.
 1. 0. 0. 1. 0. 0. 1. 0.]
full:  0.359375 0.6470588235294118 0.2553191489361702

(2097, 8836) (128, 8836)
[0. 1. 0. 0. 0. 0. 1. 1. 0. 1. 0. 1. 1. 1. 1. 1. 1. 1. 1. 1. 1. 1. 0. 0.
 0. 1. 1. 1. 1. 0. 0. 1. 1. 1. 1. 1. 1. 1. 1. 1. 1. 1. 1. 1. 1. 1. 0. 0.
 0. 1. 0. 1. 0. 1. 1. 1. 0. 1. 0. 1. 1. 1. 1. 1. 1. 1. 0. 1. 1. 1. 1. 0.
 1. 1. 1. 0. 1. 1. 0. 0. 1. 1. 1. 1. 1. 1. 1. 0. 1. 0. 1. 1. 1. 0. 1. 1.
 1. 1. 1. 1. 1. 1. 1. 1. 1. 1. 0. 1. 1. 1. 1. 1. 1. 0. 1. 1. 1. 1. 1. 1.
 0. 1. 0. 1. 0. 0. 0. 1.]
[0. 1. 0. 0. 0. 1. 0. 0. 0. 0. 0. 0. 1. 0. 0. 0. 0. 0. 0. 0. 1. 0. 0. 0.
 1. 1. 0. 0. 1. 0. 0. 0. 1. 0. 0. 1. 0. 1. 0. 0. 0. 0. 1. 0. 1. 0. 0. 0.
 0. 0. 0. 0. 0. 0. 0. 0. 0. 0. 0. 0. 0. 0. 1. 0. 0. 0. 0. 1. 0. 1. 0. 0.
 0. 0. 0. 0. 0. 1. 0. 0. 0. 1. 1. 0. 0. 0. 0. 0. 0. 0. 0. 0. 1. 1. 0. 0.
 1. 0. 0. 0. 0. 0. 1. 0. 0. 1. 1. 0. 0. 0. 0. 0. 0. 0. 0. 0. 0. 0. 0. 0.
 0. 0. 0. 1. 1. 0. 0. 0.]
mike:  0.390625 0.8529411764705882 0.22340425531914893

(2097, 4) (128, 4)
[0. 1. 0. 0. 0. 0. 1. 1. 0. 1. 0. 1. 1. 1. 1. 1. 1. 1. 1. 1. 1. 1. 0. 0.
 0. 1. 1. 1. 1. 0. 0. 1. 1. 1. 1. 1. 1. 1. 1. 1. 1. 1. 1. 1. 1. 1. 0. 0.
 0. 1. 0. 1. 0. 1. 1. 1. 0. 1. 0. 1. 1. 1. 1. 1. 1. 1. 0. 1. 1. 1. 1. 0.
 1. 1. 1. 0. 1. 1. 0. 0. 1. 1. 1. 1. 1. 1. 1. 0. 1. 0. 1. 1. 1. 0. 1. 1.
 1. 1. 1. 1. 1. 1. 1. 1. 1. 1. 0. 1. 1. 1. 1. 1. 1. 0. 1. 1. 1. 1. 1. 1.
 0. 1. 0. 1. 0. 0. 0. 1.]
[1. 1. 1. 1. 1. 1. 1. 1. 1. 1. 1. 1. 1. 1. 1. 1. 1. 1. 1. 1. 1. 1. 1. 1.
 1. 1. 1. 1. 1. 1. 1. 1. 1. 1. 1. 1. 1. 1. 1. 1. 1. 1. 1. 1. 1. 1. 1. 1.
 1. 1. 1. 1. 1. 1. 1. 1. 1. 1. 1. 1. 1. 1. 1. 1. 1. 1. 1. 1. 1. 1. 1. 1.
 1. 1. 1. 1. 1. 1. 1. 1. 1. 1. 1. 1. 1. 1. 1. 1. 1. 1. 1. 1. 1. 1. 1. 1.
 1. 1. 1. 1. 1. 1. 1. 1. 1. 1. 1. 1. 1. 1. 1. 1. 1. 1. 1. 1. 1. 1. 1. 1.
 1. 1. 1. 1. 1. 1. 1. 1.]
trea:  0.734375 0.0 1.0



study to test: study_22358_GPL5325_all-bmc15
(2103, 23475) (122, 23475)
[0. 0. 0. 0. 0. 0. 0. 0. 0. 0. 0. 0. 0. 0. 0. 0. 1. 0. 0. 0. 0. 0. 0. 0.
 0. 1. 0. 0. 0. 0. 0. 0. 0. 0. 0. 0. 0. 0. 0. 0. 0. 0. 0. 0. 0. 0. 0. 1.
 0. 0. 0. 1. 1. 1. 1. 1. 1. 1. 1. 1. 1. 1. 1. 1. 1. 1. 0. 0. 0. 0. 0. 0.
 0. 0. 0. 0. 0. 0. 0. 0. 0. 0. 0. 0. 0. 0. 0. 0. 0. 1. 0. 0. 0. 0. 0. 0.
 0. 0. 0. 0. 0. 0. 0. 0. 0. 0. 0. 0. 0. 0. 0. 0. 0. 0. 0. 0. 0. 0. 0. 1.
 0. 0.]
[1. 1. 1. 0. 1. 1. 1. 1. 1. 1. 1. 1. 1. 1. 1. 0. 1. 1. 1. 1. 1. 0. 1. 0.
 0. 1. 1. 1. 0. 1. 0. 0. 0. 1. 1. 1. 1. 1. 1. 1. 0. 1. 1. 0. 1. 1. 0. 1.
 1. 1. 1. 1. 0. 0. 1. 0. 1. 1. 1. 0. 1. 1. 0. 0. 1. 0. 1. 1. 0. 0. 0. 0.
 1. 1. 0. 1. 1. 1. 0. 1. 0. 0. 1. 1. 0. 0. 1. 1. 1. 1. 0. 1. 1. 1. 1. 1.
 0. 1. 1. 1. 0. 1. 1. 0. 0. 1. 1. 1. 0. 0. 1. 1. 1. 0. 1. 1. 1. 0. 1. 0.
 1. 0.]
full:  0.36065573770491804 0.3137254901960784 0.6

(2103, 8836) (122, 8836)
[0. 0. 0. 0. 0. 0. 0. 0. 0. 0. 0. 0. 0. 0. 0. 0. 1. 0. 0. 0. 0. 0. 0. 0.
 0. 1. 0. 0. 0. 0. 0. 0. 0. 0. 0. 0. 0. 0. 0. 0. 0. 0. 0. 0. 0. 0. 0. 1.
 0. 0. 0. 1. 1. 1. 1. 1. 1. 1. 1. 1. 1. 1. 1. 1. 1. 1. 0. 0. 0. 0. 0. 0.
 0. 0. 0. 0. 0. 0. 0. 0. 0. 0. 0. 0. 0. 0. 0. 0. 0. 1. 0. 0. 0. 0. 0. 0.
 0. 0. 0. 0. 0. 0. 0. 0. 0. 0. 0. 0. 0. 0. 0. 0. 0. 0. 0. 0. 0. 0. 0. 1.
 0. 0.]
[1. 1. 1. 1. 1. 1. 1. 1. 1. 1. 1. 1. 1. 1. 1. 1. 0. 1. 1. 1. 1. 1. 1. 1.
 1. 1. 1. 1. 0. 1. 1. 1. 0. 1. 1. 1. 1. 1. 1. 1. 0. 1. 0. 1. 1. 1. 1. 1.
 1. 1. 1. 0. 1. 0. 1. 1. 1. 1. 1. 1. 0. 1. 1. 1. 1. 1. 1. 1. 0. 0. 1. 1.
 1. 1. 0. 1. 1. 1. 1. 1. 1. 1. 1. 1. 0. 1. 1. 1. 1. 1. 0. 1. 1. 1. 1. 1.
 1. 1. 1. 1. 1. 1. 1. 0. 0. 1. 0. 0. 1. 1. 1. 1. 1. 1. 1. 1. 1. 1. 1. 0.
 0. 1.]
mike:  0.23770491803278687 0.13725490196078433 0.75

(2103, 4) (122, 4)
[0. 0. 0. 0. 0. 0. 0. 0. 0. 0. 0. 0. 0. 0. 0. 0. 1. 0. 0. 0. 0. 0. 0. 0.
 0. 1. 0. 0. 0. 0. 0. 0. 0. 0. 0. 0. 0. 0. 0. 0. 0. 0. 0. 0. 0. 0. 0. 1.
 0. 0. 0. 1. 1. 1. 1. 1. 1. 1. 1. 1. 1. 1. 1. 1. 1. 1. 0. 0. 0. 0. 0. 0.
 0. 0. 0. 0. 0. 0. 0. 0. 0. 0. 0. 0. 0. 0. 0. 0. 0. 1. 0. 0. 0. 0. 0. 0.
 0. 0. 0. 0. 0. 0. 0. 0. 0. 0. 0. 0. 0. 0. 0. 0. 0. 0. 0. 0. 0. 0. 0. 1.
 0. 0.]
[1. 1. 1. 1. 1. 1. 1. 1. 1. 1. 1. 1. 1. 1. 1. 1. 1. 1. 1. 1. 1. 1. 1. 1.
 1. 1. 1. 1. 1. 1. 1. 1. 1. 1. 1. 1. 1. 1. 1. 1. 1. 1. 1. 1. 1. 1. 1. 1.
 1. 1. 1. 1. 1. 1. 1. 1. 1. 1. 1. 1. 1. 1. 1. 1. 1. 1. 1. 1. 1. 1. 1. 1.
 1. 1. 1. 1. 1. 1. 1. 1. 1. 1. 1. 1. 1. 1. 1. 1. 1. 1. 1. 1. 1. 1. 1. 1.
 1. 1. 1. 1. 1. 1. 1. 1. 1. 1. 1. 1. 1. 1. 1. 1. 1. 1. 1. 1. 1. 1. 1. 1.
 1. 1.]
trea:  0.16393442622950818 0.0 1.0



study to test: study_25055_GPL96_MDACC_M-bmc15
(2004, 23475) (221, 23475)
[1. 0. 1. 1. 1. 1. 1. 0. 1. 1. 1. 1. 1. 1. 1. 1. 1. 1. 1. 0. 1. 1. 1. 0.
 1. 1. 1. 1. 1. 1. 1. 0. 1. 1. 1. 1. 1. 1. 1. 1. 1. 1. 1. 1. 1. 1. 1. 1.
 1. 1. 1. 1. 0. 1. 1. 0. 1. 1. 1. 1. 1. 1. 1. 0. 1. 1. 0. 1. 0. 1. 1. 0.
 1. 1. 1. 1. 0. 1. 0. 0. 1. 1. 1. 0. 1. 1. 0. 1. 1. 0. 1. 1. 0. 0. 1. 1.
 1. 0. 1. 1. 1. 0. 1. 1. 1. 1. 1. 1. 1. 1. 1. 0. 1. 1. 1. 1. 1. 1. 1. 0.
 1. 1. 1. 0. 0. 1. 0. 1. 1. 1. 0. 1. 1. 1. 1. 1. 1. 0. 1. 1. 1. 1. 0. 1.
 1. 1. 1. 1. 0. 1. 1. 1. 0. 1. 1. 1. 0. 1. 1. 1. 1. 0. 1. 1. 0. 1. 1. 1.
 1. 1. 1. 1. 1. 1. 0. 0. 0. 1. 1. 0. 1. 0. 1. 1. 1. 1. 1. 1. 1. 1. 1. 1.
 1. 1. 1. 1. 1. 0. 1. 1. 1. 1. 0. 1. 1. 1. 1. 1. 0. 1. 1. 1. 0. 1. 1. 1.
 1. 1. 1. 1. 1.]
[0. 1. 1. 1. 1. 1. 1. 1. 0. 1. 0. 0. 0. 0. 0. 0. 1. 0. 0. 1. 1. 1. 0. 1.
 0. 0. 0. 1. 0. 0. 0. 1. 0. 1. 0. 1. 1. 0. 0. 0. 1. 0. 1. 0. 0. 1. 0. 0.
 0. 0. 0. 0. 0. 1. 0. 0. 0. 0. 0. 0. 1. 0. 1. 1. 1. 0. 1. 1. 0. 0. 0. 1.
 1. 1. 1. 0. 0. 0. 1. 0. 0. 0. 0. 1. 0. 0. 0. 0. 1. 0. 0. 1. 0. 0. 0. 0.
 0. 0. 1. 0. 0. 0. 0. 0. 0. 1. 0. 1. 0. 0. 1. 0. 1. 0. 1. 0. 0. 0. 1. 0.
 0. 0. 0. 0. 0. 1. 0. 1. 0. 0. 0. 0. 0. 1. 0. 0. 0. 0. 0. 0. 0. 1. 0. 0.
 0. 0. 0. 0. 0. 0. 0. 0. 0. 0. 0. 1. 0. 1. 0. 0. 0. 0. 0. 0. 0. 0. 0. 0.
 0. 1. 0. 0. 0. 0. 1. 0. 0. 0. 0. 0. 0. 0. 1. 0. 1. 1. 1. 0. 1. 0. 0. 0.
 0. 0. 0. 1. 1. 0. 0. 0. 0. 0. 0. 1. 1. 0. 1. 0. 0. 0. 0. 1. 0. 0. 0. 0.
 1. 0. 0. 0. 0.]
full:  0.38009049773755654 0.7441860465116279 0.29213483146067415

(2004, 8836) (221, 8836)
[1. 0. 1. 1. 1. 1. 1. 0. 1. 1. 1. 1. 1. 1. 1. 1. 1. 1. 1. 0. 1. 1. 1. 0.
 1. 1. 1. 1. 1. 1. 1. 0. 1. 1. 1. 1. 1. 1. 1. 1. 1. 1. 1. 1. 1. 1. 1. 1.
 1. 1. 1. 1. 0. 1. 1. 0. 1. 1. 1. 1. 1. 1. 1. 0. 1. 1. 0. 1. 0. 1. 1. 0.
 1. 1. 1. 1. 0. 1. 0. 0. 1. 1. 1. 0. 1. 1. 0. 1. 1. 0. 1. 1. 0. 0. 1. 1.
 1. 0. 1. 1. 1. 0. 1. 1. 1. 1. 1. 1. 1. 1. 1. 0. 1. 1. 1. 1. 1. 1. 1. 0.
 1. 1. 1. 0. 0. 1. 0. 1. 1. 1. 0. 1. 1. 1. 1. 1. 1. 0. 1. 1. 1. 1. 0. 1.
 1. 1. 1. 1. 0. 1. 1. 1. 0. 1. 1. 1. 0. 1. 1. 1. 1. 0. 1. 1. 0. 1. 1. 1.
 1. 1. 1. 1. 1. 1. 0. 0. 0. 1. 1. 0. 1. 0. 1. 1. 1. 1. 1. 1. 1. 1. 1. 1.
 1. 1. 1. 1. 1. 0. 1. 1. 1. 1. 0. 1. 1. 1. 1. 1. 0. 1. 1. 1. 0. 1. 1. 1.
 1. 1. 1. 1. 1.]
[0. 0. 1. 1. 0. 1. 1. 1. 0. 0. 0. 0. 1. 0. 0. 0. 1. 0. 0. 1. 0. 1. 0. 0.
 0. 0. 0. 1. 1. 0. 0. 1. 0. 0. 0. 1. 0. 0. 0. 0. 1. 0. 1. 0. 0. 1. 0. 0.
 0. 0. 0. 0. 0. 1. 0. 0. 0. 0. 0. 0. 1. 0. 1. 0. 1. 0. 0. 1. 0. 0. 0. 1.
 0. 1. 1. 1. 0. 0. 0. 0. 0. 0. 0. 0. 0. 0. 0. 0. 1. 0. 0. 1. 0. 0. 0. 0.
 0. 0. 1. 0. 0. 0. 0. 1. 0. 1. 0. 1. 1. 0. 1. 0. 0. 0. 1. 0. 0. 0. 1. 0.
 0. 0. 0. 1. 0. 0. 0. 1. 1. 0. 0. 0. 0. 1. 0. 0. 0. 0. 0. 0. 0. 1. 0. 0.
 0. 0. 1. 0. 0. 0. 0. 0. 0. 0. 0. 1. 0. 1. 0. 0. 0. 0. 0. 0. 0. 0. 0. 0.
 0. 0. 0. 0. 0. 0. 0. 0. 0. 0. 0. 0. 0. 0. 1. 0. 1. 1. 1. 0. 1. 0. 0. 0.
 0. 0. 0. 1. 1. 0. 0. 0. 0. 0. 0. 1. 1. 0. 1. 0. 0. 0. 0. 1. 1. 0. 0. 0.
 1. 0. 0. 0. 0.]
mike:  0.3936651583710407 0.8604651162790697 0.2808988764044944

(2004, 4) (221, 4)
[1. 0. 1. 1. 1. 1. 1. 0. 1. 1. 1. 1. 1. 1. 1. 1. 1. 1. 1. 0. 1. 1. 1. 0.
 1. 1. 1. 1. 1. 1. 1. 0. 1. 1. 1. 1. 1. 1. 1. 1. 1. 1. 1. 1. 1. 1. 1. 1.
 1. 1. 1. 1. 0. 1. 1. 0. 1. 1. 1. 1. 1. 1. 1. 0. 1. 1. 0. 1. 0. 1. 1. 0.
 1. 1. 1. 1. 0. 1. 0. 0. 1. 1. 1. 0. 1. 1. 0. 1. 1. 0. 1. 1. 0. 0. 1. 1.
 1. 0. 1. 1. 1. 0. 1. 1. 1. 1. 1. 1. 1. 1. 1. 0. 1. 1. 1. 1. 1. 1. 1. 0.
 1. 1. 1. 0. 0. 1. 0. 1. 1. 1. 0. 1. 1. 1. 1. 1. 1. 0. 1. 1. 1. 1. 0. 1.
 1. 1. 1. 1. 0. 1. 1. 1. 0. 1. 1. 1. 0. 1. 1. 1. 1. 0. 1. 1. 0. 1. 1. 1.
 1. 1. 1. 1. 1. 1. 0. 0. 0. 1. 1. 0. 1. 0. 1. 1. 1. 1. 1. 1. 1. 1. 1. 1.
 1. 1. 1. 1. 1. 0. 1. 1. 1. 1. 0. 1. 1. 1. 1. 1. 0. 1. 1. 1. 0. 1. 1. 1.
 1. 1. 1. 1. 1.]
[0. 0. 0. 0. 0. 0. 0. 0. 0. 0. 0. 0. 0. 0. 0. 0. 0. 0. 0. 0. 0. 0. 0. 0.
 0. 0. 0. 0. 0. 0. 0. 0. 0. 0. 0. 0. 0. 0. 0. 0. 0. 0. 0. 0. 0. 0. 0. 0.
 0. 0. 0. 0. 0. 0. 0. 0. 0. 0. 0. 0. 0. 0. 0. 0. 0. 0. 0. 0. 0. 0. 0. 0.
 0. 0. 0. 0. 0. 0. 0. 0. 0. 0. 0. 0. 0. 0. 0. 0. 0. 0. 0. 0. 0. 0. 0. 0.
 0. 0. 0. 0. 0. 0. 0. 0. 0. 0. 0. 0. 0. 0. 0. 0. 0. 0. 0. 0. 0. 0. 0. 0.
 0. 0. 0. 0. 0. 0. 0. 0. 0. 0. 0. 0. 0. 0. 0. 0. 0. 0. 0. 0. 0. 0. 0. 0.
 0. 0. 0. 0. 0. 0. 0. 0. 0. 0. 0. 0. 0. 0. 0. 0. 0. 0. 0. 0. 0. 0. 0. 0.
 0. 0. 0. 0. 0. 0. 0. 0. 0. 0. 0. 0. 0. 0. 0. 0. 0. 0. 0. 0. 0. 0. 0. 0.
 0. 0. 0. 0. 0. 0. 0. 0. 0. 0. 0. 0. 0. 0. 0. 0. 0. 0. 0. 0. 0. 0. 0. 0.
 0. 0. 0. 0. 0.]
trea:  0.19457013574660634 1.0 0.0



study to test: study_25065_GPL96_MDACC-bmc15
(2154, 23475) (71, 23475)
[1. 0. 1. 1. 1. 1. 1. 1. 1. 1. 1. 1. 1. 1. 0. 0. 1. 0. 1. 1. 1. 1. 1. 1.
 0. 1. 1. 1. 0. 1. 1. 1. 1. 1. 1. 1. 1. 1. 0. 0. 1. 0. 1. 0. 1. 1. 1. 1.
 0. 1. 1. 1. 1. 1. 1. 1. 1. 1. 1. 1. 1. 1. 1. 0. 1. 1. 1. 1. 1. 1. 1.]
[0. 0. 0. 0. 0. 0. 0. 0. 0. 0. 0. 0. 0. 0. 0. 0. 0. 0. 1. 1. 0. 0. 1. 0.
 1. 0. 0. 0. 0. 0. 0. 0. 0. 1. 0. 0. 1. 0. 0. 0. 0. 1. 0. 0. 0. 1. 1. 0.
 0. 0. 0. 1. 0. 1. 0. 0. 0. 0. 0. 0. 0. 0. 0. 0. 0. 1. 0. 0. 0. 0. 0.]
full:  0.28169014084507044 0.8333333333333334 0.1694915254237288

(2154, 8836) (71, 8836)
[1. 0. 1. 1. 1. 1. 1. 1. 1. 1. 1. 1. 1. 1. 0. 0. 1. 0. 1. 1. 1. 1. 1. 1.
 0. 1. 1. 1. 0. 1. 1. 1. 1. 1. 1. 1. 1. 1. 0. 0. 1. 0. 1. 0. 1. 1. 1. 1.
 0. 1. 1. 1. 1. 1. 1. 1. 1. 1. 1. 1. 1. 1. 1. 0. 1. 1. 1. 1. 1. 1. 1.]
[0. 1. 0. 0. 1. 0. 1. 1. 0. 1. 1. 0. 1. 0. 0. 1. 1. 1. 1. 1. 1. 0. 1. 1.
 0. 1. 0. 1. 1. 1. 1. 0. 1. 1. 0. 1. 0. 1. 1. 1. 0. 1. 1. 1. 1. 1. 1. 1.
 1. 1. 1. 1. 1. 1. 1. 1. 1. 1. 1. 1. 1. 1. 1. 0. 1. 0. 1. 0. 1. 1. 1.]
mike:  0.6619718309859155 0.25 0.7457627118644068

(2154, 4) (71, 4)
[1. 0. 1. 1. 1. 1. 1. 1. 1. 1. 1. 1. 1. 1. 0. 0. 1. 0. 1. 1. 1. 1. 1. 1.
 0. 1. 1. 1. 0. 1. 1. 1. 1. 1. 1. 1. 1. 1. 0. 0. 1. 0. 1. 0. 1. 1. 1. 1.
 0. 1. 1. 1. 1. 1. 1. 1. 1. 1. 1. 1. 1. 1. 1. 0. 1. 1. 1. 1. 1. 1. 1.]
[1. 1. 1. 1. 1. 1. 1. 1. 1. 1. 1. 1. 1. 1. 1. 1. 1. 1. 1. 1. 1. 1. 1. 1.
 1. 1. 1. 1. 1. 1. 1. 1. 1. 1. 1. 1. 1. 1. 1. 1. 1. 1. 1. 1. 1. 1. 1. 1.
 1. 1. 1. 1. 1. 1. 1. 1. 1. 1. 1. 1. 1. 1. 1. 1. 1. 1. 1. 1. 1. 1. 1.]
trea:  0.8309859154929577 0.0 1.0



study to test: study_25065_GPL96_USO-bmc15
(2171, 23475) (54, 23475)
[0. 1. 1. 1. 1. 1. 1. 0. 1. 0. 1. 1. 1. 1. 1. 1. 1. 1. 0. 1. 0. 1. 1. 0.
 1. 1. 0. 1. 1. 1. 1. 0. 1. 1. 1. 1. 1. 1. 1. 1. 1. 1. 0. 0. 1. 1. 1. 1.
 1. 1. 1. 1. 1. 1.]
[0. 1. 1. 0. 1. 0. 1. 1. 1. 1. 1. 1. 1. 1. 1. 1. 1. 0. 1. 0. 1. 0. 0. 0.
 0. 1. 0. 0. 1. 1. 1. 0. 0. 0. 1. 1. 1. 0. 1. 1. 0. 1. 0. 1. 1. 1. 1. 0.
 1. 1. 1. 1. 0. 1.]
full:  0.6481481481481481 0.5 0.6818181818181818

(2171, 8836) (54, 8836)
[0. 1. 1. 1. 1. 1. 1. 0. 1. 0. 1. 1. 1. 1. 1. 1. 1. 1. 0. 1. 0. 1. 1. 0.
 1. 1. 0. 1. 1. 1. 1. 0. 1. 1. 1. 1. 1. 1. 1. 1. 1. 1. 0. 0. 1. 1. 1. 1.
 1. 1. 1. 1. 1. 1.]
[1. 1. 1. 1. 1. 1. 1. 1. 1. 1. 1. 1. 0. 1. 1. 1. 1. 1. 1. 0. 0. 1. 1. 1.
 1. 1. 1. 1. 1. 1. 1. 1. 1. 1. 1. 1. 1. 1. 1. 1. 1. 1. 1. 1. 1. 1. 1. 1.
 1. 1. 1. 1. 1. 0.]
mike:  0.7777777777777778 0.1 0.9318181818181818

(2171, 4) (54, 4)
[0. 1. 1. 1. 1. 1. 1. 0. 1. 0. 1. 1. 1. 1. 1. 1. 1. 1. 0. 1. 0. 1. 1. 0.
 1. 1. 0. 1. 1. 1. 1. 0. 1. 1. 1. 1. 1. 1. 1. 1. 1. 1. 0. 0. 1. 1. 1. 1.
 1. 1. 1. 1. 1. 1.]
[1. 1. 1. 1. 1. 1. 1. 1. 1. 1. 1. 1. 1. 1. 1. 1. 1. 1. 1. 1. 1. 1. 1. 1.
 1. 1. 1. 1. 1. 1. 1. 1. 1. 1. 1. 1. 1. 1. 1. 1. 1. 1. 1. 1. 1. 1. 1. 1.
 1. 1. 1. 1. 1. 1.]
trea:  0.8148148148148148 0.0 1.0



study to test: study_32646_GPL570_all-bmc15
(2110, 23475) (115, 23475)
[0. 1. 0. 0. 0. 0. 0. 0. 1. 0. 0. 0. 0. 0. 0. 0. 0. 0. 1. 1. 0. 0. 0. 0.
 0. 0. 0. 0. 0. 1. 0. 0. 0. 0. 0. 0. 0. 0. 0. 0. 0. 1. 1. 0. 0. 1. 0. 1.
 1. 0. 0. 0. 1. 1. 1. 0. 0. 0. 0. 0. 0. 0. 1. 0. 1. 0. 0. 0. 0. 1. 0. 0.
 1. 0. 0. 0. 0. 0. 0. 0. 0. 0. 1. 0. 0. 0. 0. 1. 1. 0. 1. 0. 0. 0. 0. 0.
 1. 0. 0. 0. 0. 0. 0. 0. 0. 1. 0. 0. 0. 0. 1. 1. 0. 0. 1.]
[1. 0. 0. 0. 1. 0. 0. 0. 0. 0. 0. 0. 0. 0. 0. 0. 0. 0. 0. 0. 0. 0. 0. 0.
 0. 0. 0. 0. 0. 0. 0. 0. 0. 0. 0. 0. 0. 0. 0. 0. 0. 0. 0. 0. 0. 0. 1. 0.
 0. 0. 0. 0. 0. 0. 0. 0. 0. 0. 0. 0. 1. 0. 0. 0. 0. 0. 0. 0. 0. 1. 1. 0.
 0. 0. 0. 0. 0. 0. 1. 0. 0. 0. 0. 0. 0. 0. 0. 0. 0. 0. 0. 0. 0. 0. 0. 0.
 0. 0. 0. 0. 0. 0. 0. 0. 0. 0. 0. 0. 0. 0. 0. 0. 0. 0. 0.]
full:  0.7304347826086957 0.9325842696629213 0.038461538461538464

(2110, 8836) (115, 8836)
[0. 1. 0. 0. 0. 0. 0. 0. 1. 0. 0. 0. 0. 0. 0. 0. 0. 0. 1. 1. 0. 0. 0. 0.
 0. 0. 0. 0. 0. 1. 0. 0. 0. 0. 0. 0. 0. 0. 0. 0. 0. 1. 1. 0. 0. 1. 0. 1.
 1. 0. 0. 0. 1. 1. 1. 0. 0. 0. 0. 0. 0. 0. 1. 0. 1. 0. 0. 0. 0. 1. 0. 0.
 1. 0. 0. 0. 0. 0. 0. 0. 0. 0. 1. 0. 0. 0. 0. 1. 1. 0. 1. 0. 0. 0. 0. 0.
 1. 0. 0. 0. 0. 0. 0. 0. 0. 1. 0. 0. 0. 0. 1. 1. 0. 0. 1.]
[0. 0. 1. 1. 1. 1. 1. 0. 1. 1. 1. 1. 1. 1. 1. 1. 0. 0. 1. 0. 0. 1. 1. 1.
 1. 0. 1. 1. 1. 1. 1. 1. 0. 1. 1. 1. 0. 1. 1. 0. 1. 1. 0. 1. 0. 1. 1. 1.
 1. 1. 1. 0. 1. 1. 1. 0. 1. 1. 1. 1. 1. 1. 1. 1. 1. 1. 1. 0. 1. 1. 1. 1.
 0. 0. 0. 0. 1. 1. 0. 0. 1. 1. 1. 1. 0. 0. 0. 1. 1. 0. 1. 0. 1. 1. 1. 0.
 1. 0. 1. 1. 0. 0. 0. 1. 0. 0. 1. 1. 1. 1. 1. 1. 1. 0. 0.]
mike:  0.43478260869565216 0.33707865168539325 0.7692307692307693

(2110, 4) (115, 4)
[0. 1. 0. 0. 0. 0. 0. 0. 1. 0. 0. 0. 0. 0. 0. 0. 0. 0. 1. 1. 0. 0. 0. 0.
 0. 0. 0. 0. 0. 1. 0. 0. 0. 0. 0. 0. 0. 0. 0. 0. 0. 1. 1. 0. 0. 1. 0. 1.
 1. 0. 0. 0. 1. 1. 1. 0. 0. 0. 0. 0. 0. 0. 1. 0. 1. 0. 0. 0. 0. 1. 0. 0.
 1. 0. 0. 0. 0. 0. 0. 0. 0. 0. 1. 0. 0. 0. 0. 1. 1. 0. 1. 0. 0. 0. 0. 0.
 1. 0. 0. 0. 0. 0. 0. 0. 0. 1. 0. 0. 0. 0. 1. 1. 0. 0. 1.]
[1. 1. 1. 1. 1. 1. 1. 1. 1. 1. 1. 1. 1. 1. 1. 1. 1. 1. 1. 1. 1. 1. 1. 1.
 1. 1. 1. 1. 1. 1. 1. 1. 1. 1. 1. 1. 1. 1. 1. 1. 1. 1. 1. 1. 1. 1. 1. 1.
 1. 1. 1. 1. 1. 1. 1. 1. 1. 1. 1. 1. 1. 1. 1. 1. 1. 1. 1. 1. 1. 1. 1. 1.
 1. 1. 1. 1. 1. 1. 1. 1. 1. 1. 1. 1. 1. 1. 1. 1. 1. 1. 1. 1. 1. 1. 1. 1.
 1. 1. 1. 1. 1. 1. 1. 1. 1. 1. 1. 1. 1. 1. 1. 1. 1. 1. 1.]
trea:  0.22608695652173913 0.0 1.0



study to test: study_9893_GPL5049_all-bmc15
(2077, 23475) (148, 23475)
[0. 1. 0. 0. 1. 0. 0. 1. 1. 1. 0. 0. 0. 1. 0. 0. 0. 0. 1. 0. 0. 0. 0. 0.
 0. 1. 1. 0. 1. 0. 0. 0. 0. 1. 0. 0. 1. 0. 1. 1. 0. 0. 0. 0. 0. 0. 0. 0.
 1. 0. 1. 1. 1. 1. 1. 1. 0. 1. 1. 0. 0. 1. 1. 1. 1. 0. 1. 0. 1. 0. 1. 1.
 1. 1. 0. 0. 0. 0. 1. 1. 1. 1. 1. 1. 1. 1. 0. 1. 1. 1. 1. 1. 1. 1. 0. 1.
 1. 1. 1. 1. 0. 1. 1. 1. 1. 1. 1. 1. 1. 1. 1. 1. 1. 1. 1. 1. 1. 1. 0. 1.
 1. 1. 1. 1. 0. 1. 1. 1. 0. 1. 1. 1. 1. 1. 1. 0. 1. 1. 1. 1. 1. 1. 1. 1.
 1. 1. 1. 1.]
[0. 1. 0. 0. 1. 1. 0. 1. 1. 1. 1. 1. 1. 0. 1. 1. 1. 1. 1. 1. 0. 1. 0. 1.
 0. 0. 0. 0. 0. 0. 0. 0. 0. 0. 0. 0. 0. 0. 0. 1. 0. 0. 0. 0. 0. 0. 0. 0.
 0. 0. 0. 0. 0. 0. 0. 0. 0. 0. 0. 0. 0. 0. 0. 0. 0. 0. 0. 0. 0. 0. 0. 0.
 0. 0. 0. 0. 1. 0. 0. 0. 0. 0. 0. 0. 0. 0. 0. 0. 0. 0. 0. 0. 0. 0. 0. 0.
 0. 0. 0. 0. 0. 0. 0. 0. 0. 0. 0. 0. 0. 0. 0. 0. 0. 0. 0. 0. 0. 0. 0. 0.
 0. 0. 0. 0. 0. 0. 0. 0. 0. 0. 0. 0. 0. 0. 0. 0. 0. 0. 0. 0. 0. 0. 0. 0.
 0. 0. 0. 0.]
full:  0.31756756756756754 0.7692307692307693 0.07291666666666667

(2077, 8836) (148, 8836)
[0. 1. 0. 0. 1. 0. 0. 1. 1. 1. 0. 0. 0. 1. 0. 0. 0. 0. 1. 0. 0. 0. 0. 0.
 0. 1. 1. 0. 1. 0. 0. 0. 0. 1. 0. 0. 1. 0. 1. 1. 0. 0. 0. 0. 0. 0. 0. 0.
 1. 0. 1. 1. 1. 1. 1. 1. 0. 1. 1. 0. 0. 1. 1. 1. 1. 0. 1. 0. 1. 0. 1. 1.
 1. 1. 0. 0. 0. 0. 1. 1. 1. 1. 1. 1. 1. 1. 0. 1. 1. 1. 1. 1. 1. 1. 0. 1.
 1. 1. 1. 1. 0. 1. 1. 1. 1. 1. 1. 1. 1. 1. 1. 1. 1. 1. 1. 1. 1. 1. 0. 1.
 1. 1. 1. 1. 0. 1. 1. 1. 0. 1. 1. 1. 1. 1. 1. 0. 1. 1. 1. 1. 1. 1. 1. 1.
 1. 1. 1. 1.]
[1. 0. 1. 1. 1. 1. 0. 0. 0. 1. 1. 1. 0. 0. 1. 0. 1. 0. 1. 1. 1. 1. 0. 0.
 1. 1. 0. 0. 0. 0. 0. 0. 0. 0. 0. 1. 0. 1. 0. 0. 1. 1. 1. 0. 1. 1. 1. 1.
 1. 0. 1. 0. 0. 0. 0. 0. 1. 0. 0. 0. 0. 1. 1. 1. 1. 0. 0. 0. 1. 0. 0. 1.
 1. 1. 1. 0. 1. 0. 0. 1. 1. 0. 0. 1. 0. 0. 1. 1. 0. 1. 0. 0. 1. 0. 0. 0.
 1. 0. 0. 1. 1. 1. 0. 1. 1. 1. 0. 0. 0. 0. 0. 0. 0. 1. 1. 0. 0. 0. 1. 0.
 0. 0. 0. 1. 1. 1. 1. 0. 1. 0. 0. 1. 0. 0. 1. 0. 0. 0. 0. 1. 1. 1. 0. 1.
 1. 0. 0. 0.]
mike:  0.41216216216216217 0.4423076923076923 0.3958333333333333

(2077, 4) (148, 4)
[0. 1. 0. 0. 1. 0. 0. 1. 1. 1. 0. 0. 0. 1. 0. 0. 0. 0. 1. 0. 0. 0. 0. 0.
 0. 1. 1. 0. 1. 0. 0. 0. 0. 1. 0. 0. 1. 0. 1. 1. 0. 0. 0. 0. 0. 0. 0. 0.
 1. 0. 1. 1. 1. 1. 1. 1. 0. 1. 1. 0. 0. 1. 1. 1. 1. 0. 1. 0. 1. 0. 1. 1.
 1. 1. 0. 0. 0. 0. 1. 1. 1. 1. 1. 1. 1. 1. 0. 1. 1. 1. 1. 1. 1. 1. 0. 1.
 1. 1. 1. 1. 0. 1. 1. 1. 1. 1. 1. 1. 1. 1. 1. 1. 1. 1. 1. 1. 1. 1. 0. 1.
 1. 1. 1. 1. 0. 1. 1. 1. 0. 1. 1. 1. 1. 1. 1. 0. 1. 1. 1. 1. 1. 1. 1. 1.
 1. 1. 1. 1.]
[1. 1. 1. 1. 1. 1. 1. 1. 1. 1. 1. 1. 1. 1. 1. 1. 1. 1. 1. 1. 1. 1. 1. 1.
 1. 1. 1. 1. 1. 1. 1. 1. 1. 1. 1. 1. 1. 1. 1. 1. 1. 1. 1. 1. 1. 1. 1. 1.
 1. 1. 1. 1. 1. 1. 1. 1. 1. 1. 1. 1. 1. 1. 1. 1. 1. 1. 1. 1. 1. 1. 1. 1.
 1. 1. 1. 1. 1. 1. 1. 1. 1. 1. 1. 1. 1. 1. 1. 1. 1. 1. 1. 1. 1. 1. 1. 1.
 1. 1. 1. 1. 1. 1. 1. 1. 1. 1. 1. 1. 1. 1. 1. 1. 1. 1. 1. 1. 1. 1. 1. 1.
 1. 1. 1. 1. 1. 1. 1. 1. 1. 1. 1. 1. 1. 1. 1. 1. 1. 1. 1. 1. 1. 1. 1. 1.
 1. 1. 1. 1.]
trea:  0.6486486486486487 0.0 1.0



