['study', 'patient_ID', 'radio', 'surgery', 'chemo', 'hormone', 'pCR', 'RFS', 'DFS', 'posOutcome', 'coincide_cat', 'pam_cat', 'pam_name']
==> pCR
fold  0 0.5286  0.3568  1  0.5269  0.6891
fold  1 0.5286  0.4273  1  0.5324  0.7675
fold  2 0.5286  0.4009  0.7225  0.531  0.6528
fold  3 0.5286  0.4053  1  0.5243  0.6901
fold  4 0.531  0.7389  0.9292  0.5361  0.6865
fold  5 0.5286  0.3921  1  0.5247  0.6701
fold  6 0.5286  0.4053  1  0.5305  0.7059
fold  7 0.5286  0.7048  1  0.5333  0.7153
fold  8 0.5286  0.4009  1  0.5289  0.7391
fold  9 0.531  0.3628  0.7611  0.5159  0.69
fold  10 0.5286  0.4141  1  0.5283  0.6742
fold  11 0.5286  0.4405  1  0.5347  0.7625
fold  12 0.5286  0.3965  1  0.5311  0.7204
fold  13 0.5286  0.3524  1  0.5169  0.6425
fold  14 0.531  0.4159  1  0.5304  0.7215
fold  15 0.5286  0.3656  0.7225  0.5229  0.6714
fold  16 0.5286  0.4405  1  0.5383  0.7493
fold  17 0.5286  0.3304  0.7533  0.511  0.6673
fold  18 0.5286  0.7533  1  0.5401  0.6986
fold  19 0.531  0.4292  1  0.5299  0.7599
fold  20 0.5286  0.3921  1  0.526  0.7223
fold  21 0.5286  0.3612  0.7225  0.5208  0.6843
fold  22 0.5286  0.7269  1  0.5349  0.7158
fold  23 0.5286  0.4009  0.7621  0.5271  0.6832
fold  24 0.531  0.4513  1  0.5404  0.7163
fold  25 0.5286  0.3877  1  0.5222  0.7108
fold  26 0.5286  0.3921  0.7093  0.525  0.658
fold  27 0.5286  0.3965  1  0.5233  0.7793
fold  28 0.5286  0.7313  1  0.5421  0.7011
fold  29 0.531  0.3894  0.7478  0.5298  0.6709
fold  30 0.5286  0.6872  1  0.5317  0.7041
fold  31 0.5286  0.4361  1  0.5379  0.6624
fold  32 0.5286  0.3656  1  0.5276  0.7069
fold  33 0.5286  0.3877  0.7445  0.5256  0.6738
fold  34 0.531  0.3805  1  0.522  0.7154
fold  35 0.5286  0.3877  1  0.5255  0.7523
fold  36 0.5286  0.4361  1  0.528  0.7418
fold  37 0.5286  0.4185  0.7841  0.5385  0.6595
fold  38 0.5286  0.6828  0.7621  0.5337  0.6815
fold  39 0.531  0.3628  1  0.5225  0.674
fold  40 0.5286  0.3965  1  0.5247  0.7358
fold  41 0.5286  0.6564  0.7445  0.5212  0.6702
fold  42 0.5286  0.4273  1  0.5371  0.7252
fold  43 0.5286  0.4229  1  0.5321  0.687
fold  44 0.531  0.4204  1  0.5331  0.7471
fold  45 0.5286  0.4053  0.7401  0.5303  0.6797
fold  46 0.5286  0.4317  1  0.5322  0.6883
fold  47 0.5286  0.3348  1  0.5199  0.665
fold  48 0.5286  0.6916  1  0.5285  0.7138
fold  49 0.531  0.4292  1  0.5349  0.7159
==>  0.5291  0.4545  0.9321  0.5289  0.7023


==> RFS
fold  0 0.7157  0.9118  1  0.7327  0.9911
fold  1 0.7157  0.8775  1  0.7242  0.9899
fold  2 0.7157  0.8922  1  0.701  0.9843
fold  3 0.7192  0.8867  1  0.7178  0.98
fold  4 0.7192  0.8768  1  0.7029  0.9887
fold  5 0.7157  0.8971  1  0.7119  0.9855
fold  6 0.7157  0.8333  1  0.688  0.98
fold  7 0.7157  0.8627  1  0.7096  0.9762
fold  8 0.7192  0.8621  1  0.7061  0.9938
fold  9 0.7192  0.9458  1  0.7569  0.9855
fold  10 0.7157  0.8578  1  0.7089  0.9889
fold  11 0.7157  0.8922  1  0.7203  0.9849
fold  12 0.7157  0.902  1  0.7221  0.9836
fold  13 0.7192  0.9015  1  0.7285  0.9855
fold  14 0.7192  0.8719  1  0.7065  0.9878
fold  15 0.7157  0.8971  1  0.7178  0.9877
fold  16 0.7157  0.8676  1  0.7084  0.9614
fold  17 0.7157  0.8529  1  0.7275  0.9927
fold  18 0.7192  0.9015  1  0.715  0.9841
fold  19 0.7192  0.9113  1  0.7332  0.9868
fold  20 0.7157  0.9167  1  0.7198  0.9902
fold  21 0.7157  0.9314  1  0.7334  0.9835
fold  22 0.7157  0.8873  1  0.7232  0.9862
fold  23 0.7192  0.8818  1  0.7164  0.9904
fold  24 0.7192  0.8227  1  0.6856  0.9781
fold  25 0.7157  0.8775  1  0.7239  0.9875
fold  26 0.7157  0.9167  1  0.7126  0.9787
fold  27 0.7157  0.8578  1  0.7188  0.9886
fold  28 0.7192  0.9606  1  0.7224  0.986
fold  29 0.7192  0.8768  1  0.7092  0.9817
fold  30 0.7157  0.8873  1  0.7195  0.987
fold  31 0.7157  0.8627  1  0.7019  0.9878
fold  32 0.7157  0.8824  1  0.7155  0.9846
fold  33 0.7192  0.8768  1  0.713  0.9899
fold  34 0.7192  0.9163  1  0.727  0.9827
fold  35 0.7157  0.8824  1  0.7121  0.9812
fold  36 0.7157  0.8676  1  0.7065  0.9925
fold  37 0.7157  0.902  1  0.7332  0.9838
fold  38 0.7192  0.8768  1  0.7217  0.9772
fold  39 0.7192  0.8867  1  0.7025  0.9886
fold  40 0.7157  0.9069  1  0.7284  0.9841
fold  41 0.7157  0.8971  1  0.7125  0.9888
fold  42 0.7157  0.8578  1  0.7135  0.9818
fold  43 0.7192  0.8621  1  0.6979  0.9884
fold  44 0.7192  0.9113  1  0.7326  0.988
fold  45 0.7157  0.9167  1  0.7282  0.9867
fold  46 0.7157  0.8971  1  0.7188  0.9853
fold  47 0.7157  0.902  1  0.7181  0.9873
fold  48 0.7192  0.9064  1  0.7284  0.9926
fold  49 0.7192  0.8325  1  0.6862  0.9833
==>  0.7171  0.8872  1  0.7164  0.9854


==> DFS
fold  0 0.7879  1  1  0.797  0.845
fold  1 0.7863  1  1  0.7794  0.8475
fold  2 0.7863  1  1  0.7867  0.8414
fold  3 0.7939  0.9924  1  0.7972  0.8406
fold  4 0.7939  1  1  0.7909  0.8392
fold  5 0.7879  0.9773  1  0.8067  0.854
fold  6 0.7863  1  1  0.788  0.8297
fold  7 0.7863  1  1  0.7897  0.8312
fold  8 0.7939  0.9924  1  0.7771  0.8235
fold  9 0.7939  1  1  0.7858  0.8591
fold  10 0.7879  1  1  0.7813  0.8362
fold  11 0.7863  1  1  0.7887  0.8404
fold  12 0.7863  1  1  0.7967  0.8477
fold  13 0.7939  1  1  0.8034  0.8333
fold  14 0.7939  0.9924  1  0.7717  0.8305
fold  15 0.7879  1  1  0.7891  0.8343
fold  16 0.7863  0.9924  1  0.7933  0.8377
fold  17 0.7863  1  1  0.8  0.8383
fold  18 0.7939  1  1  0.7813  0.839
fold  19 0.7939  1  1  0.7896  0.8537
fold  20 0.7879  1  1  0.8033  0.8452
fold  21 0.7863  1  1  0.7895  0.8572
fold  22 0.7863  0.9924  1  0.7867  0.8333
fold  23 0.7939  1  1  0.7949  0.8344
fold  24 0.7939  1  1  0.7773  0.8371
fold  25 0.7879  0.9924  1  0.7933  0.8409
fold  26 0.7863  1  1  0.7989  0.8468
fold  27 0.7863  1  1  0.79  0.8315
fold  28 0.7939  1  1  0.7797  0.8413
fold  29 0.7939  1  1  0.7905  0.8257
fold  30 0.7879  1  1  0.8022  0.8441
fold  31 0.7863  1  1  0.7971  0.8582
fold  32 0.7863  0.9924  1  0.7816  0.8441
fold  33 0.7939  0.9466  1  0.7811  0.826
fold  34 0.7939  1  1  0.7832  0.8305
fold  35 0.7879  1  1  0.7874  0.831
fold  36 0.7863  1  1  0.7885  0.8219
fold  37 0.7863  0.9924  1  0.7845  0.8365
fold  38 0.7939  0.9618  1  0.7918  0.8683
fold  39 0.7939  1  1  0.7985  0.8528
fold  40 0.7879  0.9545  1  0.7878  0.879
fold  41 0.7863  0.9924  1  0.7896  0.8302
fold  42 0.7863  1  1  0.7993  0.8544
fold  43 0.7939  1  1  0.7821  0.8253
fold  44 0.7939  1  1  0.7922  0.8362
fold  45 0.7879  1  1  0.7862  0.8535
fold  46 0.7863  1  1  0.7963  0.8727
fold  47 0.7863  1  1  0.7911  0.8275
fold  48 0.7939  1  1  0.7872  0.8247
fold  49 0.7939  0.9389  1  0.7845  0.8479
==>  0.7896  0.9942  1  0.7898  0.8412


==> posOutcome
fold  0 0.6225  0.6472  1  0.6226  0.9603
fold  1 0.6225  0.6449  1  0.6202  0.9443
fold  2 0.6225  0.6719  1  0.6163  0.9036
fold  3 0.6225  0.8315  1  0.6265  0.9502
fold  4 0.6247  0.6697  1  0.6278  0.9534
fold  5 0.6225  0.618  1  0.6084  0.9563
fold  6 0.6225  0.6517  1  0.6259  0.946
fold  7 0.6225  0.8202  1  0.6311  0.9124
fold  8 0.6225  0.8225  1  0.6244  0.9591
fold  9 0.6247  0.6472  1  0.624  0.9345
fold  10 0.6225  0.6539  1  0.6171  0.9399
fold  11 0.6225  0.8022  1  0.6213  0.938
fold  12 0.6225  0.6584  1  0.6261  0.9086
fold  13 0.6225  0.6449  1  0.6242  0.9599
fold  14 0.6247  0.6652  1  0.6296  0.9387
fold  15 0.6225  0.6742  1  0.6241  0.932
fold  16 0.6225  0.6652  1  0.6264  0.9115
fold  17 0.6225  0.6629  1  0.6274  0.9472
fold  18 0.6225  0.6449  1  0.6175  0.9491
fold  19 0.6247  0.8022  1  0.6155  0.9487
fold  20 0.6225  0.6674  1  0.6212  0.9241
fold  21 0.6225  0.8  1  0.6198  0.953
fold  22 0.6225  0.6337  1  0.6145  0.9612
fold  23 0.6225  0.8494  1  0.6312  0.9484
fold  24 0.6247  0.6517  1  0.6225  0.958
fold  25 0.6225  0.6787  1  0.632  0.9284
fold  26 0.6225  0.6787  1  0.6175  0.9465
fold  27 0.6225  0.6719  1  0.6314  0.9407
fold  28 0.6225  0.6472  1  0.6218  0.9445
fold  29 0.6247  0.7775  1  0.6069  0.9441
fold  30 0.6225  0.8112  1  0.6286  0.9601
fold  31 0.6225  0.8202  1  0.6291  0.9316
fold  32 0.6225  0.6472  1  0.6164  0.9298
fold  33 0.6225  0.6472  1  0.6174  0.9387
fold  34 0.6247  0.7888  1  0.6223  0.9588
fold  35 0.6225  0.7955  1  0.6228  0.9683
fold  36 0.6225  0.6202  1  0.6124  0.9733
fold  37 0.6225  0.6742  1  0.6303  0.9393
fold  38 0.6225  0.809  1  0.6243  0.9195
fold  39 0.6247  0.6697  1  0.6274  0.9578
fold  40 0.6225  0.8472  1  0.6213  0.9325
fold  41 0.6225  0.6584  1  0.6184  0.9656
fold  42 0.6225  0.6674  1  0.6202  0.9235
fold  43 0.6225  0.8067  1  0.6292  0.9545
fold  44 0.6247  0.6674  1  0.6256  0.9507
fold  45 0.6225  0.8202  1  0.6167  0.9464
fold  46 0.6225  0.6247  1  0.6159  0.9571
fold  47 0.6225  0.6517  1  0.6256  0.9474
fold  48 0.6225  0.6742  1  0.6266  0.9475
fold  49 0.6247  0.6517  1  0.6251  0.9197
==>  0.6229  0.7062  1  0.6226  0.9433


