==> study_20194_GPL96_all-bmc15 protocol 1  vs protocol 5
set1
[113, 125, 577, 591, 1276, 1401, 1818, 3191, 3928, 3938, 4061, 4070, 4997, 5975, 6121, 6805, 6906, 7124, 7701, 7794]
set2
[1451, 3164, 3180, 3343, 5211, 5348, 5886, 5887, 5888, 5889, 5890, 5891, 5892, 5893, 5894, 5923, 6532, 6884, 7055, 7419]
intersection set1 set2 set()
stack
[35, 532, 1317, 1425, 1791, 1875, 2055, 2083, 3107, 3158, 3566, 3627, 4497, 4660, 6199, 6782, 6805, 7174, 7778, 7956]
intersection set1 stack {6805}
intersection set2 stack set()
stack_with_set
[35, 532, 1317, 1425, 1791, 1875, 2055, 2083, 3107, 3158, 3566, 3627, 4497, 4660, 6199, 6782, 6805, 7174, 7778, 7956]
==>
==> study_9893_GPL5049_all-bmc15 protocol 1 vs protocol 2
set1
[27, 48, 89, 391, 586, 914, 1211, 1415, 1569, 2110, 3136, 3632, 3976, 4477, 5580, 5915, 6533, 7620, 7918, 8028]
set2
[0, 6, 7, 22, 91, 107, 115, 198, 2537, 3134, 4267, 4481, 4729, 4947, 5891, 5892, 5894, 5895, 5896, 7142]
intersection set1 set2 set()
stack
[14, 837, 989, 1224, 1415, 1596, 1866, 1993, 2097, 2272, 2742, 3458, 3632, 3685, 3772, 3976, 4186, 5111, 6324, 8672]
intersection set1 stack {3976, 3632, 1415}
intersection set2 stack set()
stack_with_set
[14, 837, 989, 1224, 1415, 1596, 1866, 1993, 2097, 2272, 2742, 3458, 3632, 3685, 3772, 3976, 4186, 5111, 6324, 8672]
==> 
