22449
22450
22452
22454
22457
22459
22461
22462
22463
22467
22470
22473
22475
22479
22482
22483
22491
22495
22500
36789
36813
36814
36815
36820
36834
36838
36839
36860
36872
36874
36875
36877
36879
36881
36885
36897
36898
36902
36905
36908
36911
36918
36920
36924
36926
36927
36930
36934
36939
36947
36949
36950
36956
36957
36967
36969
36971
36972
36973
36976
36983
36985
36986
36989
36994
36996
37001
37002
37005
37006
37007
37022
37023
37026
37028
37030
37035
37036
37038
37039
37041
37049
37051
37052
37058
36792
249524
249530
249533
249534
249535
249539
249544
249551
249555
249557
249558
249559
249560
249563
249564
249566
249599
249605
249612
249615
249627
249634
249635
249637
249647
249655
249666
249697
249704
250002
305140
305157
305164
305180
305192
305194
305198
305200
305203
305207
305236
305243
305263
411273
411271
411268
411267
411266
411255
411241
411236
411380
411374
411373
411361
411358
411355
411354
411351
411349
411339
411337
411331
411329
411322
411319
411317
411309
411304
441627
441643
441645
441659
441672
441689
441690
441691
441692
441699
441700
441710
441715
441727
441733
441739
441743
441747
441752
441754
441766
441770
441772
441775
441808
441812
441816
441818
441821
441824
441825
441827
441830
441834
441838
441848
441850
441855
441868
441869
441874
441875
441883
441884
441887
441890
441908
441912
441920
491208
491256
491249
491254
491286
491178
491278
491289
491198
125125
125155
125167
125175
125185
125187
125205
125207
125235
505327
505328
505330
505331
505333
505334
505337
505340
505346
505347
505350
505352
505353
505354
505361
505364
505365
505366
505371
505372
505374
505375
505380
505381
505382
505383
505388
505389
505392
505393
505394
505395
505398
505402
505405
505412
505415
505416
505417
505418
505419
505421
505422
505425
505427
505431
505432
505433
505440
505441
505442
505443
505446
505448
505450
505451
505453
505456
505457
505458
505460
505461
505462
505464
505465
505469
505471
505472
505473
505475
505476
505477
505479
505480
505481
505482
505483
505484
505485
505487
505488
505506
505509
505510
505511
505512
505513
505514
505516
505519
505522
505523
505525
505528
505529
505531
505532
505534
505536
505542
505543
505546
505547
505549
505550
505553
505554
505555
505557
505560
505565
505569
505573
505574
505575
505576
505578
505581
505582
505584
505586
505587
505588
505590
505591
505592
505593
505594
505595
505596
505600
505602
505603
505605
508338
508336
508319
508289
508286
508285
508282
508269
508260
508259
508250
508245
508241
508238
508237
508229
508227
508223
508210
508205
508201
508200
508194
508191
508519
508520
508522
508525
508527
508545
508548
508551
508554
508555
508558
508560
508561
508563
508564
508567
508572
508573
508576
508577
508578
508580
508583
508584
508654
508668
508669
508671
508674
508677
508679
508680
508681
508737
508738
508739
508748
508752
508754
508755
508757
508758
508762
508767
508768
517353
615399
615398
615392
615386
615381
615379
615376
615359
615352
615347
615340
615339
615332
615327
615322
615319
615318
615315
615314
615309
615307
615299
615297
615282
615280
615278
615262
615257
615255
615252
615249
615244
615241
615236
615235
615195
615185
615713
615729
615732
615739
615751
615686
615687
615689
615691
615696
615712
615744
615631
615638
615649
615650
615651
615652
615657
615674
809200
809204
809213
809221
809228
809239
809247
809253
809257
809264
809271
809282
