22450
22456
22461
22472
22477
22489
22508
36778
36781
36802
36809
36810
36839
36844
36872
36879
36885
36887
36902
36911
36920
36924
36939
36949
36952
36956
36983
36985
36994
37001
37002
37023
37026
37027
37031
37049
37058
36792
249527
249533
249536
249551
249560
249564
249612
249634
249666
305157
305164
305180
305211
411273
411272
411268
411247
411373
411347
411345
411337
411334
411317
441663
441665
441675
441705
441733
441746
441747
441756
441766
441770
441782
441825
441830
441835
441838
441850
441864
441881
441883
441912
441919
491244
491249
491257
491289
491198
491270
125177
125185
505342
505356
505357
505360
505368
505372
505376
505377
505390
505398
505418
505435
505478
505540
505558
505559
505574
505588
508339
508338
508327
508320
508319
508269
508227
508210
508206
508205
508194
508517
508522
508527
508558
508577
508578
508580
508583
508654
508672
508679
508737
508747
508748
508754
508755
508757
508759
508769
508770
508771
517353
615347
615330
615319
615315
615309
615267
615241
615236
615216
615189
615696
615710
615712
615631
615638
615649
615657
809188
809195
809218
809221
809228
809233
809234
809257
809261
