22456
22479
22489
36802
36809
36844
36872
36879
36898
36902
36911
36939
36949
36952
36956
36963
36985
36994
37002
37007
37023
37026
37058
36792
249533
249539
249551
249560
249564
249612
249652
249697
305157
305164
411273
411268
411373
411347
411337
411317
441663
441675
441766
441770
441782
441825
441827
441838
441881
441912
491244
491249
491198
125201
125215
125225
505342
505351
505356
505357
505360
505368
505372
505390
505411
505447
505462
505478
505540
505566
508338
508334
508329
508327
508323
508269
508265
508244
508217
508206
508205
508200
508527
508558
508559
508573
508578
508580
508591
508669
508672
508747
508753
508754
508755
508757
615347
615330
615319
615309
615267
615236
615189
615696
615712
615638
615649
615657
809203
809221
809234
809239
