22471
22477
22478
22479
22481
22482
22488
22489
22492
22508
36778
36784
36795
36797
36800
36813
36814
36815
36818
36824
36826
36829
36830
36835
36837
36839
36853
36860
36862
36870
36872
36874
36879
36881
36885
36892
36898
36902
36903
36905
36908
36911
36917
36918
36920
36924
36926
36927
36928
36931
36939
36941
36943
36946
36949
36950
36952
36954
36955
36956
36957
36960
36964
36967
36972
36973
36974
36976
36983
36985
36986
36989
36994
36996
36999
37001
37002
37003
37004
37006
37007
37008
37017
37018
37020
37023
37026
37027
37028
37031
37036
37039
37040
37041
37042
37043
37049
37050
37051
37052
37058
36792
249524
249530
249533
249534
249535
249539
249544
249551
249555
249560
249563
249564
249566
249605
249612
249616
249634
249637
249647
249666
249697
250006
305135
305140
305151
305157
305164
305172
305180
305192
305194
305198
305200
305203
305207
305211
305216
305236
305243
305263
411273
411271
411268
411267
411266
411261
411252
411247
411241
411236
411389
411387
411377
411374
411373
411362
411361
411360
411358
411355
411354
411351
411349
411347
411339
411337
411334
411331
411329
411319
411317
411316
411309
411304
411303
441627
441628
441629
441643
441644
441657
441663
441672
441677
441689
441690
441691
441692
441699
441700
441705
441710
441715
441727
441728
441733
441739
441746
441747
441748
441750
441752
441762
441766
441770
441772
441775
441782
441785
441808
441809
441812
441816
441818
441821
441823
441825
441829
441830
441834
441836
441838
441849
441850
441855
441856
441859
441864
441866
441868
441869
441874
441875
441881
441883
441884
441885
441887
441908
441920
491208
491219
491256
491244
491249
491232
491257
491175
491286
491178
491180
491183
491186
491198
125125
125155
125167
125173
125177
125185
125187
125197
125201
125207
125229
125235
505335
505336
505339
505341
505342
505344
505351
505356
505357
505358
505359
505360
505368
505373
505387
505390
505391
505411
505419
505423
505428
505434
505436
505437
505445
505447
505449
505455
505459
505463
505466
505467
505478
505507
505511
505521
505531
505535
505540
505545
505559
505562
505566
505580
505584
505598
508334
508332
508329
508327
508323
508319
508265
508251
508242
508233
508224
508217
508208
508200
508197
508194
508559
508573
508586
508591
508635
508672
508748
508750
508754
508755
508757
508764
517353
615398
615392
615380
615376
615368
615347
615344
615335
615332
615330
615327
615322
615320
615319
615315
615312
615309
615306
615305
615301
615297
615287
615279
615275
615274
615271
615267
615260
615255
615249
615245
615241
615236
615233
615223
615222
615221
615218
615216
615200
615195
615189
615185
615713
615729
615730
615732
615739
615746
615686
615687
615689
615691
615696
615712
615631
615638
615640
615649
615651
615654
615657
615662
615673
615674
809185
809203
809229
809236
809248
809265
